DualPivotQuickSort;100;1055;639;0,000098
DualPivotQuickSort;100;1055;639;0,000087
DualPivotQuickSort;100;1055;639;0,000074
DualPivotQuickSort;100;1055;639;0,000058
DualPivotQuickSort;100;1055;639;0,000058
DualPivotQuickSort;100;1055;639;0,000054
DualPivotQuickSort;100;1055;639;0,000059
DualPivotQuickSort;100;1055;639;0,000053
DualPivotQuickSort;100;1055;639;0,000057
DualPivotQuickSort;100;1055;639;0,000057
DualPivotQuickSort;200;2944;1838;0,000101
DualPivotQuickSort;200;2944;1838;0,000038
DualPivotQuickSort;200;2944;1838;0,000037
DualPivotQuickSort;200;2944;1838;0,000037
DualPivotQuickSort;200;2944;1838;0,000049
DualPivotQuickSort;200;2944;1838;0,00004
DualPivotQuickSort;200;2944;1838;0,00003
DualPivotQuickSort;200;2944;1838;0,000036
DualPivotQuickSort;200;2944;1838;0,000063
DualPivotQuickSort;200;2944;1838;0,00007
DualPivotQuickSort;300;4188;2221;0,000088
DualPivotQuickSort;300;4188;2221;0,000053
DualPivotQuickSort;300;4188;2221;0,00005
DualPivotQuickSort;300;4188;2221;0,000038
DualPivotQuickSort;300;4188;2221;0,000037
DualPivotQuickSort;300;4188;2221;0,000042
DualPivotQuickSort;300;4188;2221;0,000052
DualPivotQuickSort;300;4188;2221;0,000046
DualPivotQuickSort;300;4188;2221;0,000054
DualPivotQuickSort;300;4188;2221;0,000068
DualPivotQuickSort;400;6178;3124;0,000091
DualPivotQuickSort;400;6178;3124;0,000102
DualPivotQuickSort;400;6178;3124;0,000102
DualPivotQuickSort;400;6178;3124;0,000101
DualPivotQuickSort;400;6178;3124;0,000105
DualPivotQuickSort;400;6178;3124;0,000142
DualPivotQuickSort;400;6178;3124;0,000102
DualPivotQuickSort;400;6178;3124;0,000105
DualPivotQuickSort;400;6178;3124;0,000093
DualPivotQuickSort;400;6178;3124;0,000088
DualPivotQuickSort;500;7603;4282;0,004124
DualPivotQuickSort;500;7603;4282;0,000181
DualPivotQuickSort;500;7603;4282;0,000152
DualPivotQuickSort;500;7603;4282;0,000127
DualPivotQuickSort;500;7603;4282;0,000071
DualPivotQuickSort;500;7603;4282;0,000091
DualPivotQuickSort;500;7603;4282;0,00008
DualPivotQuickSort;500;7603;4282;0,000069
DualPivotQuickSort;500;7603;4282;0,000085
DualPivotQuickSort;500;7603;4282;0,000135
DualPivotQuickSort;600;9774;4668;0,000104
DualPivotQuickSort;600;9774;4668;0,000106
DualPivotQuickSort;600;9774;4668;0,000171
DualPivotQuickSort;600;9774;4668;0,000098
DualPivotQuickSort;600;9774;4668;0,000099
DualPivotQuickSort;600;9774;4668;0,000098
DualPivotQuickSort;600;9774;4668;0,000107
DualPivotQuickSort;600;9774;4668;0,000103
DualPivotQuickSort;600;9774;4668;0,000099
DualPivotQuickSort;600;9774;4668;0,000099
DualPivotQuickSort;700;11917;5925;0,000162
DualPivotQuickSort;700;11917;5925;0,000131
DualPivotQuickSort;700;11917;5925;0,00012
DualPivotQuickSort;700;11917;5925;0,000114
DualPivotQuickSort;700;11917;5925;0,000112
DualPivotQuickSort;700;11917;5925;0,000157
DualPivotQuickSort;700;11917;5925;0,000223
DualPivotQuickSort;700;11917;5925;0,000274
DualPivotQuickSort;700;11917;5925;0,00017
DualPivotQuickSort;700;11917;5925;0,000128
DualPivotQuickSort;800;14276;6997;0,000146
DualPivotQuickSort;800;14276;6997;0,000139
DualPivotQuickSort;800;14276;6997;0,000137
DualPivotQuickSort;800;14276;6997;0,000148
DualPivotQuickSort;800;14276;6997;0,000238
DualPivotQuickSort;800;14276;6997;0,000222
DualPivotQuickSort;800;14276;6997;0,000171
DualPivotQuickSort;800;14276;6997;0,000159
DualPivotQuickSort;800;14276;6997;0,000139
DualPivotQuickSort;800;14276;6997;0,000145
DualPivotQuickSort;900;15085;8092;0,000287
DualPivotQuickSort;900;15085;8092;0,000285
DualPivotQuickSort;900;15085;8092;0,000203
DualPivotQuickSort;900;15085;8092;0,000295
DualPivotQuickSort;900;15085;8092;0,000144
DualPivotQuickSort;900;15085;8092;0,000145
DualPivotQuickSort;900;15085;8092;0,000137
DualPivotQuickSort;900;15085;8092;0,000136
DualPivotQuickSort;900;15085;8092;0,000143
DualPivotQuickSort;900;15085;8092;0,000133
DualPivotQuickSort;1000;18281;9802;0,000583
DualPivotQuickSort;1000;18281;9802;0,000161
DualPivotQuickSort;1000;18281;9802;0,000745
DualPivotQuickSort;1000;18281;9802;0,000969
DualPivotQuickSort;1000;18281;9802;0,000243
DualPivotQuickSort;1000;18281;9802;0,000178
DualPivotQuickSort;1000;18281;9802;0,000225
DualPivotQuickSort;1000;18281;9802;0,000293
DualPivotQuickSort;1000;18281;9802;0,000348
DualPivotQuickSort;1000;18281;9802;0,000166
DualPivotQuickSort;1100;19211;9895;0,000208
DualPivotQuickSort;1100;19211;9895;0,000183
DualPivotQuickSort;1100;19211;9895;0,000209
DualPivotQuickSort;1100;19211;9895;0,000171
DualPivotQuickSort;1100;19211;9895;0,000154
DualPivotQuickSort;1100;19211;9895;0,000163
DualPivotQuickSort;1100;19211;9895;0,000183
DualPivotQuickSort;1100;19211;9895;0,000163
DualPivotQuickSort;1100;19211;9895;0,000203
DualPivotQuickSort;1100;19211;9895;0,000173
DualPivotQuickSort;1200;21309;10998;0,000243
DualPivotQuickSort;1200;21309;10998;0,000195
DualPivotQuickSort;1200;21309;10998;0,000185
DualPivotQuickSort;1200;21309;10998;0,000566
DualPivotQuickSort;1200;21309;10998;0,000194
DualPivotQuickSort;1200;21309;10998;0,00022
DualPivotQuickSort;1200;21309;10998;0,000183
DualPivotQuickSort;1200;21309;10998;0,000323
DualPivotQuickSort;1200;21309;10998;0,00021
DualPivotQuickSort;1200;21309;10998;0,000204
DualPivotQuickSort;1300;24219;12698;0,000206
DualPivotQuickSort;1300;24219;12698;0,000187
DualPivotQuickSort;1300;24219;12698;0,000219
DualPivotQuickSort;1300;24219;12698;0,000204
DualPivotQuickSort;1300;24219;12698;0,000221
DualPivotQuickSort;1300;24219;12698;0,000241
DualPivotQuickSort;1300;24219;12698;0,000196
DualPivotQuickSort;1300;24219;12698;0,000189
DualPivotQuickSort;1300;24219;12698;0,00019
DualPivotQuickSort;1300;24219;12698;0,000184
DualPivotQuickSort;1400;27313;14871;0,000232
DualPivotQuickSort;1400;27313;14871;0,000223
DualPivotQuickSort;1400;27313;14871;0,00023
DualPivotQuickSort;1400;27313;14871;0,000238
DualPivotQuickSort;1400;27313;14871;0,000233
DualPivotQuickSort;1400;27313;14871;0,000211
DualPivotQuickSort;1400;27313;14871;0,000238
DualPivotQuickSort;1400;27313;14871;0,000255
DualPivotQuickSort;1400;27313;14871;0,000236
DualPivotQuickSort;1400;27313;14871;0,000229
DualPivotQuickSort;1500;27206;14281;0,00027
DualPivotQuickSort;1500;27206;14281;0,000257
DualPivotQuickSort;1500;27206;14281;0,000259
DualPivotQuickSort;1500;27206;14281;0,000242
DualPivotQuickSort;1500;27206;14281;0,000262
DualPivotQuickSort;1500;27206;14281;0,000272
DualPivotQuickSort;1500;27206;14281;0,000255
DualPivotQuickSort;1500;27206;14281;0,000218
DualPivotQuickSort;1500;27206;14281;0,000182
DualPivotQuickSort;1500;27206;14281;0,000165
DualPivotQuickSort;1600;30508;16486;0,000223
DualPivotQuickSort;1600;30508;16486;0,000242
DualPivotQuickSort;1600;30508;16486;0,000223
DualPivotQuickSort;1600;30508;16486;0,000232
DualPivotQuickSort;1600;30508;16486;0,000249
DualPivotQuickSort;1600;30508;16486;0,000229
DualPivotQuickSort;1600;30508;16486;0,000296
DualPivotQuickSort;1600;30508;16486;0,000281
DualPivotQuickSort;1600;30508;16486;0,000213
DualPivotQuickSort;1600;30508;16486;0,000214
DualPivotQuickSort;1700;33047;18263;0,000262
DualPivotQuickSort;1700;33047;18263;0,000205
DualPivotQuickSort;1700;33047;18263;0,000204
DualPivotQuickSort;1700;33047;18263;0,000211
DualPivotQuickSort;1700;33047;18263;0,000213
DualPivotQuickSort;1700;33047;18263;0,000207
DualPivotQuickSort;1700;33047;18263;0,000203
DualPivotQuickSort;1700;33047;18263;0,000203
DualPivotQuickSort;1700;33047;18263;0,000199
DualPivotQuickSort;1700;33047;18263;0,0002
DualPivotQuickSort;1800;34746;17496;0,000219
DualPivotQuickSort;1800;34746;17496;0,000217
DualPivotQuickSort;1800;34746;17496;0,000214
DualPivotQuickSort;1800;34746;17496;0,000219
DualPivotQuickSort;1800;34746;17496;0,000214
DualPivotQuickSort;1800;34746;17496;0,000211
DualPivotQuickSort;1800;34746;17496;0,00021
DualPivotQuickSort;1800;34746;17496;0,000214
DualPivotQuickSort;1800;34746;17496;0,00021
DualPivotQuickSort;1800;34746;17496;0,000212
DualPivotQuickSort;1900;37860;19738;0,00035
DualPivotQuickSort;1900;37860;19738;0,00034
DualPivotQuickSort;1900;37860;19738;0,000434
DualPivotQuickSort;1900;37860;19738;0,000783
DualPivotQuickSort;1900;37860;19738;0,000252
DualPivotQuickSort;1900;37860;19738;0,000636
DualPivotQuickSort;1900;37860;19738;0,000678
DualPivotQuickSort;1900;37860;19738;0,000225
DualPivotQuickSort;1900;37860;19738;0,000234
DualPivotQuickSort;1900;37860;19738;0,000243
DualPivotQuickSort;2000;39344;18890;0,000261
DualPivotQuickSort;2000;39344;18890;0,000247
DualPivotQuickSort;2000;39344;18890;0,000258
DualPivotQuickSort;2000;39344;18890;0,000255
DualPivotQuickSort;2000;39344;18890;0,00024
DualPivotQuickSort;2000;39344;18890;0,000328
DualPivotQuickSort;2000;39344;18890;0,000341
DualPivotQuickSort;2000;39344;18890;0,000348
DualPivotQuickSort;2000;39344;18890;0,000335
DualPivotQuickSort;2000;39344;18890;0,000349
DualPivotQuickSort;2100;42589;22082;0,000362
DualPivotQuickSort;2100;42589;22082;0,000352
DualPivotQuickSort;2100;42589;22082;0,000381
DualPivotQuickSort;2100;42589;22082;0,000386
DualPivotQuickSort;2100;42589;22082;0,000382
DualPivotQuickSort;2100;42589;22082;0,00039
DualPivotQuickSort;2100;42589;22082;0,000375
DualPivotQuickSort;2100;42589;22082;0,00038
DualPivotQuickSort;2100;42589;22082;0,000381
DualPivotQuickSort;2100;42589;22082;0,000379
DualPivotQuickSort;2200;46300;22029;0,000417
DualPivotQuickSort;2200;46300;22029;0,000398
DualPivotQuickSort;2200;46300;22029;0,000414
DualPivotQuickSort;2200;46300;22029;0,000395
DualPivotQuickSort;2200;46300;22029;0,000403
DualPivotQuickSort;2200;46300;22029;0,000403
DualPivotQuickSort;2200;46300;22029;0,000403
DualPivotQuickSort;2200;46300;22029;0,000399
DualPivotQuickSort;2200;46300;22029;0,000403
DualPivotQuickSort;2200;46300;22029;0,00041
DualPivotQuickSort;2300;45122;22823;0,000442
DualPivotQuickSort;2300;45122;22823;0,000421
DualPivotQuickSort;2300;45122;22823;0,000424
DualPivotQuickSort;2300;45122;22823;0,000312
DualPivotQuickSort;2300;45122;22823;0,000321
DualPivotQuickSort;2300;45122;22823;0,000301
DualPivotQuickSort;2300;45122;22823;0,000298
DualPivotQuickSort;2300;45122;22823;0,000295
DualPivotQuickSort;2300;45122;22823;0,000301
DualPivotQuickSort;2300;45122;22823;0,000304
DualPivotQuickSort;2400;46249;25990;0,000325
DualPivotQuickSort;2400;46249;25990;0,00033
DualPivotQuickSort;2400;46249;25990;0,000379
DualPivotQuickSort;2400;46249;25990;0,000338
DualPivotQuickSort;2400;46249;25990;0,000326
DualPivotQuickSort;2400;46249;25990;0,000328
DualPivotQuickSort;2400;46249;25990;0,000324
DualPivotQuickSort;2400;46249;25990;0,000319
DualPivotQuickSort;2400;46249;25990;0,000326
DualPivotQuickSort;2400;46249;25990;0,000333
DualPivotQuickSort;2500;49508;24636;0,000334
DualPivotQuickSort;2500;49508;24636;0,000329
DualPivotQuickSort;2500;49508;24636;0,000358
DualPivotQuickSort;2500;49508;24636;0,000324
DualPivotQuickSort;2500;49508;24636;0,000341
DualPivotQuickSort;2500;49508;24636;0,000328
DualPivotQuickSort;2500;49508;24636;0,000328
DualPivotQuickSort;2500;49508;24636;0,000332
DualPivotQuickSort;2500;49508;24636;0,000324
DualPivotQuickSort;2500;49508;24636;0,000317
DualPivotQuickSort;2600;53400;27912;0,000367
DualPivotQuickSort;2600;53400;27912;0,000371
DualPivotQuickSort;2600;53400;27912;0,000358
DualPivotQuickSort;2600;53400;27912;0,000373
DualPivotQuickSort;2600;53400;27912;0,000381
DualPivotQuickSort;2600;53400;27912;0,00038
DualPivotQuickSort;2600;53400;27912;0,000362
DualPivotQuickSort;2600;53400;27912;0,00036
DualPivotQuickSort;2600;53400;27912;0,000385
DualPivotQuickSort;2600;53400;27912;0,000371
DualPivotQuickSort;2700;55648;30555;0,000396
DualPivotQuickSort;2700;55648;30555;0,000506
DualPivotQuickSort;2700;55648;30555;0,000522
DualPivotQuickSort;2700;55648;30555;0,000529
DualPivotQuickSort;2700;55648;30555;0,000535
DualPivotQuickSort;2700;55648;30555;0,000415
DualPivotQuickSort;2700;55648;30555;0,000393
DualPivotQuickSort;2700;55648;30555;0,000362
DualPivotQuickSort;2700;55648;30555;0,000362
DualPivotQuickSort;2700;55648;30555;0,000369
DualPivotQuickSort;2800;57718;32020;0,000391
DualPivotQuickSort;2800;57718;32020;0,000387
DualPivotQuickSort;2800;57718;32020;0,000488
DualPivotQuickSort;2800;57718;32020;0,000369
DualPivotQuickSort;2800;57718;32020;0,00037
DualPivotQuickSort;2800;57718;32020;0,000385
DualPivotQuickSort;2800;57718;32020;0,000392
DualPivotQuickSort;2800;57718;32020;0,000378
DualPivotQuickSort;2800;57718;32020;0,000378
DualPivotQuickSort;2800;57718;32020;0,000382
DualPivotQuickSort;2900;69087;30889;0,000394
DualPivotQuickSort;2900;69087;30889;0,000409
DualPivotQuickSort;2900;69087;30889;0,000418
DualPivotQuickSort;2900;69087;30889;0,0004
DualPivotQuickSort;2900;69087;30889;0,000423
DualPivotQuickSort;2900;69087;30889;0,000433
DualPivotQuickSort;2900;69087;30889;0,000417
DualPivotQuickSort;2900;69087;30889;0,000413
DualPivotQuickSort;2900;69087;30889;0,000415
DualPivotQuickSort;2900;69087;30889;0,000516
DualPivotQuickSort;3000;66866;31794;0,000626
DualPivotQuickSort;3000;66866;31794;0,000672
DualPivotQuickSort;3000;66866;31794;0,000617
DualPivotQuickSort;3000;66866;31794;0,000585
DualPivotQuickSort;3000;66866;31794;0,000574
DualPivotQuickSort;3000;66866;31794;0,000584
DualPivotQuickSort;3000;66866;31794;0,000703
DualPivotQuickSort;3000;66866;31794;0,000581
DualPivotQuickSort;3000;66866;31794;0,0006
DualPivotQuickSort;3000;66866;31794;0,000597
DualPivotQuickSort;3100;63792;35140;0,000496
DualPivotQuickSort;3100;63792;35140;0,000454
DualPivotQuickSort;3100;63792;35140;0,000443
DualPivotQuickSort;3100;63792;35140;0,000482
DualPivotQuickSort;3100;63792;35140;0,000599
DualPivotQuickSort;3100;63792;35140;0,000434
DualPivotQuickSort;3100;63792;35140;0,000606
DualPivotQuickSort;3100;63792;35140;0,000582
DualPivotQuickSort;3100;63792;35140;0,000622
DualPivotQuickSort;3100;63792;35140;0,000591
DualPivotQuickSort;3200;71615;33875;0,000529
DualPivotQuickSort;3200;71615;33875;0,000645
DualPivotQuickSort;3200;71615;33875;0,000606
DualPivotQuickSort;3200;71615;33875;0,00058
DualPivotQuickSort;3200;71615;33875;0,000587
DualPivotQuickSort;3200;71615;33875;0,000589
DualPivotQuickSort;3200;71615;33875;0,000622
DualPivotQuickSort;3200;71615;33875;0,000701
DualPivotQuickSort;3200;71615;33875;0,000489
DualPivotQuickSort;3200;71615;33875;0,000427
DualPivotQuickSort;3300;67784;36100;0,000485
DualPivotQuickSort;3300;67784;36100;0,000485
DualPivotQuickSort;3300;67784;36100;0,000462
DualPivotQuickSort;3300;67784;36100;0,000452
DualPivotQuickSort;3300;67784;36100;0,000447
DualPivotQuickSort;3300;67784;36100;0,000474
DualPivotQuickSort;3300;67784;36100;0,000464
DualPivotQuickSort;3300;67784;36100;0,000477
DualPivotQuickSort;3300;67784;36100;0,000406
DualPivotQuickSort;3300;67784;36100;0,000398
DualPivotQuickSort;3400;75121;36621;0,00041
DualPivotQuickSort;3400;75121;36621;0,000405
DualPivotQuickSort;3400;75121;36621;0,000444
DualPivotQuickSort;3400;75121;36621;0,000416
DualPivotQuickSort;3400;75121;36621;0,000484
DualPivotQuickSort;3400;75121;36621;0,000421
DualPivotQuickSort;3400;75121;36621;0,000484
DualPivotQuickSort;3400;75121;36621;0,000478
DualPivotQuickSort;3400;75121;36621;0,000508
DualPivotQuickSort;3400;75121;36621;0,000464
DualPivotQuickSort;3500;72647;37801;0,000486
DualPivotQuickSort;3500;72647;37801;0,000501
DualPivotQuickSort;3500;72647;37801;0,000489
DualPivotQuickSort;3500;72647;37801;0,000493
DualPivotQuickSort;3500;72647;37801;0,0005
DualPivotQuickSort;3500;72647;37801;0,000539
DualPivotQuickSort;3500;72647;37801;0,000485
DualPivotQuickSort;3500;72647;37801;0,000488
DualPivotQuickSort;3500;72647;37801;0,000476
DualPivotQuickSort;3500;72647;37801;0,000482
DualPivotQuickSort;3600;76906;43430;0,000522
DualPivotQuickSort;3600;76906;43430;0,000512
DualPivotQuickSort;3600;76906;43430;0,000515
DualPivotQuickSort;3600;76906;43430;0,000658
DualPivotQuickSort;3600;76906;43430;0,000529
DualPivotQuickSort;3600;76906;43430;0,000531
DualPivotQuickSort;3600;76906;43430;0,00052
DualPivotQuickSort;3600;76906;43430;0,000509
DualPivotQuickSort;3600;76906;43430;0,000502
DualPivotQuickSort;3600;76906;43430;0,000505
DualPivotQuickSort;3700;78582;38877;0,000535
DualPivotQuickSort;3700;78582;38877;0,000513
DualPivotQuickSort;3700;78582;38877;0,000501
DualPivotQuickSort;3700;78582;38877;0,000481
DualPivotQuickSort;3700;78582;38877;0,000524
DualPivotQuickSort;3700;78582;38877;0,000521
DualPivotQuickSort;3700;78582;38877;0,000531
DualPivotQuickSort;3700;78582;38877;0,00052
DualPivotQuickSort;3700;78582;38877;0,000499
DualPivotQuickSort;3700;78582;38877;0,000481
DualPivotQuickSort;3800;82812;45408;0,000554
DualPivotQuickSort;3800;82812;45408;0,000529
DualPivotQuickSort;3800;82812;45408;0,000501
DualPivotQuickSort;3800;82812;45408;0,000516
DualPivotQuickSort;3800;82812;45408;0,000626
DualPivotQuickSort;3800;82812;45408;0,000713
DualPivotQuickSort;3800;82812;45408;0,000736
DualPivotQuickSort;3800;82812;45408;0,001868
DualPivotQuickSort;3800;82812;45408;0,001539
DualPivotQuickSort;3800;82812;45408;0,000571
DualPivotQuickSort;3900;82870;46317;0,000495
DualPivotQuickSort;3900;82870;46317;0,000504
DualPivotQuickSort;3900;82870;46317;0,000522
DualPivotQuickSort;3900;82870;46317;0,000513
DualPivotQuickSort;3900;82870;46317;0,000524
DualPivotQuickSort;3900;82870;46317;0,000503
DualPivotQuickSort;3900;82870;46317;0,000506
DualPivotQuickSort;3900;82870;46317;0,000504
DualPivotQuickSort;3900;82870;46317;0,000548
DualPivotQuickSort;3900;82870;46317;0,000552
DualPivotQuickSort;4000;86249;44770;0,000541
DualPivotQuickSort;4000;86249;44770;0,000523
DualPivotQuickSort;4000;86249;44770;0,00051
DualPivotQuickSort;4000;86249;44770;0,000513
DualPivotQuickSort;4000;86249;44770;0,000495
DualPivotQuickSort;4000;86249;44770;0,000501
DualPivotQuickSort;4000;86249;44770;0,000513
DualPivotQuickSort;4000;86249;44770;0,000561
DualPivotQuickSort;4000;86249;44770;0,000564
DualPivotQuickSort;4000;86249;44770;0,000581
DualPivotQuickSort;4100;93232;52941;0,000565
DualPivotQuickSort;4100;93232;52941;0,000571
DualPivotQuickSort;4100;93232;52941;0,000528
DualPivotQuickSort;4100;93232;52941;0,00053
DualPivotQuickSort;4100;93232;52941;0,00054
DualPivotQuickSort;4100;93232;52941;0,000597
DualPivotQuickSort;4100;93232;52941;0,00063
DualPivotQuickSort;4100;93232;52941;0,000633
DualPivotQuickSort;4100;93232;52941;0,00057
DualPivotQuickSort;4100;93232;52941;0,000545
DualPivotQuickSort;4200;93744;52999;0,000566
DualPivotQuickSort;4200;93744;52999;0,000538
DualPivotQuickSort;4200;93744;52999;0,000574
DualPivotQuickSort;4200;93744;52999;0,000589
DualPivotQuickSort;4200;93744;52999;0,000671
DualPivotQuickSort;4200;93744;52999;0,000656
DualPivotQuickSort;4200;93744;52999;0,000632
DualPivotQuickSort;4200;93744;52999;0,000548
DualPivotQuickSort;4200;93744;52999;0,000548
DualPivotQuickSort;4200;93744;52999;0,000521
DualPivotQuickSort;4300;100022;51783;0,000585
DualPivotQuickSort;4300;100022;51783;0,000601
DualPivotQuickSort;4300;100022;51783;0,000645
DualPivotQuickSort;4300;100022;51783;0,000665
DualPivotQuickSort;4300;100022;51783;0,000626
DualPivotQuickSort;4300;100022;51783;0,00059
DualPivotQuickSort;4300;100022;51783;0,000583
DualPivotQuickSort;4300;100022;51783;0,000566
DualPivotQuickSort;4300;100022;51783;0,000567
DualPivotQuickSort;4300;100022;51783;0,000565
DualPivotQuickSort;4400;96586;50427;0,000648
DualPivotQuickSort;4400;96586;50427;0,000646
DualPivotQuickSort;4400;96586;50427;0,000567
DualPivotQuickSort;4400;96586;50427;0,000568
DualPivotQuickSort;4400;96586;50427;0,000568
DualPivotQuickSort;4400;96586;50427;0,000565
DualPivotQuickSort;4400;96586;50427;0,000555
DualPivotQuickSort;4400;96586;50427;0,000597
DualPivotQuickSort;4400;96586;50427;0,0006
DualPivotQuickSort;4400;96586;50427;0,000621
DualPivotQuickSort;4500;97538;51344;0,000589
DualPivotQuickSort;4500;97538;51344;0,0006
DualPivotQuickSort;4500;97538;51344;0,000643
DualPivotQuickSort;4500;97538;51344;0,000722
DualPivotQuickSort;4500;97538;51344;0,000625
DualPivotQuickSort;4500;97538;51344;0,000651
DualPivotQuickSort;4500;97538;51344;0,000627
DualPivotQuickSort;4500;97538;51344;0,000583
DualPivotQuickSort;4500;97538;51344;0,000584
DualPivotQuickSort;4500;97538;51344;0,000599
DualPivotQuickSort;4600;105093;58275;0,000654
DualPivotQuickSort;4600;105093;58275;0,00064
DualPivotQuickSort;4600;105093;58275;0,000596
DualPivotQuickSort;4600;105093;58275;0,000622
DualPivotQuickSort;4600;105093;58275;0,000624
DualPivotQuickSort;4600;105093;58275;0,000644
DualPivotQuickSort;4600;105093;58275;0,000726
DualPivotQuickSort;4600;105093;58275;0,000644
DualPivotQuickSort;4600;105093;58275;0,000782
DualPivotQuickSort;4600;105093;58275;0,000645
DualPivotQuickSort;4700;104505;50977;0,000636
DualPivotQuickSort;4700;104505;50977;0,000673
DualPivotQuickSort;4700;104505;50977;0,000623
DualPivotQuickSort;4700;104505;50977;0,00059
DualPivotQuickSort;4700;104505;50977;0,000589
DualPivotQuickSort;4700;104505;50977;0,000727
DualPivotQuickSort;4700;104505;50977;0,000668
DualPivotQuickSort;4700;104505;50977;0,000654
DualPivotQuickSort;4700;104505;50977;0,000902
DualPivotQuickSort;4700;104505;50977;0,000883
DualPivotQuickSort;4800;107653;62277;0,00099
DualPivotQuickSort;4800;107653;62277;0,001508
DualPivotQuickSort;4800;107653;62277;0,001798
DualPivotQuickSort;4800;107653;62277;0,001783
DualPivotQuickSort;4800;107653;62277;0,001193
DualPivotQuickSort;4800;107653;62277;0,000723
DualPivotQuickSort;4800;107653;62277;0,001258
DualPivotQuickSort;4800;107653;62277;0,001683
DualPivotQuickSort;4800;107653;62277;0,000749
DualPivotQuickSort;4800;107653;62277;0,000616
DualPivotQuickSort;4900;117139;56340;0,000703
DualPivotQuickSort;4900;117139;56340;0,000647
DualPivotQuickSort;4900;117139;56340;0,000643
DualPivotQuickSort;4900;117139;56340;0,000651
DualPivotQuickSort;4900;117139;56340;0,000698
DualPivotQuickSort;4900;117139;56340;0,000726
DualPivotQuickSort;4900;117139;56340;0,00065
DualPivotQuickSort;4900;117139;56340;0,000668
DualPivotQuickSort;4900;117139;56340;0,000697
DualPivotQuickSort;4900;117139;56340;0,0007
DualPivotQuickSort;5000;112540;60410;0,000701
DualPivotQuickSort;5000;112540;60410;0,000722
DualPivotQuickSort;5000;112540;60410;0,000637
DualPivotQuickSort;5000;112540;60410;0,000628
DualPivotQuickSort;5000;112540;60410;0,000724
DualPivotQuickSort;5000;112540;60410;0,000724
DualPivotQuickSort;5000;112540;60410;0,000696
DualPivotQuickSort;5000;112540;60410;0,000636
DualPivotQuickSort;5000;112540;60410;0,000664
DualPivotQuickSort;5000;112540;60410;0,000744
DualPivotQuickSort;5100;119251;56456;0,000733
DualPivotQuickSort;5100;119251;56456;0,00073
DualPivotQuickSort;5100;119251;56456;0,000698
DualPivotQuickSort;5100;119251;56456;0,000689
DualPivotQuickSort;5100;119251;56456;0,000827
DualPivotQuickSort;5100;119251;56456;0,000856
DualPivotQuickSort;5100;119251;56456;0,00074
DualPivotQuickSort;5100;119251;56456;0,000694
DualPivotQuickSort;5100;119251;56456;0,000688
DualPivotQuickSort;5100;119251;56456;0,000755
DualPivotQuickSort;5200;119160;59354;0,001001
DualPivotQuickSort;5200;119160;59354;0,000711
DualPivotQuickSort;5200;119160;59354;0,00082
DualPivotQuickSort;5200;119160;59354;0,001057
DualPivotQuickSort;5200;119160;59354;0,001017
DualPivotQuickSort;5200;119160;59354;0,001067
DualPivotQuickSort;5200;119160;59354;0,001091
DualPivotQuickSort;5200;119160;59354;0,00124
DualPivotQuickSort;5200;119160;59354;0,001245
DualPivotQuickSort;5200;119160;59354;0,0013
DualPivotQuickSort;5300;122649;65019;0,001347
DualPivotQuickSort;5300;122649;65019;0,001173
DualPivotQuickSort;5300;122649;65019;0,000772
DualPivotQuickSort;5300;122649;65019;0,000744
DualPivotQuickSort;5300;122649;65019;0,000871
DualPivotQuickSort;5300;122649;65019;0,000738
DualPivotQuickSort;5300;122649;65019;0,000695
DualPivotQuickSort;5300;122649;65019;0,000769
DualPivotQuickSort;5300;122649;65019;0,001195
DualPivotQuickSort;5300;122649;65019;0,000728
DualPivotQuickSort;5400;125528;62327;0,000711
DualPivotQuickSort;5400;125528;62327;0,00069
DualPivotQuickSort;5400;125528;62327;0,000775
DualPivotQuickSort;5400;125528;62327;0,000835
DualPivotQuickSort;5400;125528;62327;0,000868
DualPivotQuickSort;5400;125528;62327;0,000722
DualPivotQuickSort;5400;125528;62327;0,000695
DualPivotQuickSort;5400;125528;62327;0,000725
DualPivotQuickSort;5400;125528;62327;0,000735
DualPivotQuickSort;5400;125528;62327;0,000744
DualPivotQuickSort;5500;128562;67035;0,000747
DualPivotQuickSort;5500;128562;67035;0,000733
DualPivotQuickSort;5500;128562;67035;0,000772
DualPivotQuickSort;5500;128562;67035;0,000745
DualPivotQuickSort;5500;128562;67035;0,000724
DualPivotQuickSort;5500;128562;67035;0,000899
DualPivotQuickSort;5500;128562;67035;0,000778
DualPivotQuickSort;5500;128562;67035;0,000826
DualPivotQuickSort;5500;128562;67035;0,000742
DualPivotQuickSort;5500;128562;67035;0,000836
DualPivotQuickSort;5600;131744;67463;0,000866
DualPivotQuickSort;5600;131744;67463;0,001103
DualPivotQuickSort;5600;131744;67463;0,001096
DualPivotQuickSort;5600;131744;67463;0,001073
DualPivotQuickSort;5600;131744;67463;0,000733
DualPivotQuickSort;5600;131744;67463;0,000838
DualPivotQuickSort;5600;131744;67463;0,000761
DualPivotQuickSort;5600;131744;67463;0,000743
DualPivotQuickSort;5600;131744;67463;0,000796
DualPivotQuickSort;5600;131744;67463;0,000736
DualPivotQuickSort;5700;135779;69984;0,000779
DualPivotQuickSort;5700;135779;69984;0,000773
DualPivotQuickSort;5700;135779;69984;0,000784
DualPivotQuickSort;5700;135779;69984;0,000756
DualPivotQuickSort;5700;135779;69984;0,000743
DualPivotQuickSort;5700;135779;69984;0,00076
DualPivotQuickSort;5700;135779;69984;0,000772
DualPivotQuickSort;5700;135779;69984;0,00077
DualPivotQuickSort;5700;135779;69984;0,000761
DualPivotQuickSort;5700;135779;69984;0,000801
DualPivotQuickSort;5800;133834;67999;0,000798
DualPivotQuickSort;5800;133834;67999;0,000787
DualPivotQuickSort;5800;133834;67999;0,000818
DualPivotQuickSort;5800;133834;67999;0,000758
DualPivotQuickSort;5800;133834;67999;0,000789
DualPivotQuickSort;5800;133834;67999;0,000805
DualPivotQuickSort;5800;133834;67999;0,000777
DualPivotQuickSort;5800;133834;67999;0,001022
DualPivotQuickSort;5800;133834;67999;0,001148
DualPivotQuickSort;5800;133834;67999;0,000971
DualPivotQuickSort;5900;132665;66376;0,000829
DualPivotQuickSort;5900;132665;66376;0,000793
DualPivotQuickSort;5900;132665;66376;0,00076
DualPivotQuickSort;5900;132665;66376;0,000752
DualPivotQuickSort;5900;132665;66376;0,000797
DualPivotQuickSort;5900;132665;66376;0,000783
DualPivotQuickSort;5900;132665;66376;0,000765
DualPivotQuickSort;5900;132665;66376;0,000794
DualPivotQuickSort;5900;132665;66376;0,000801
DualPivotQuickSort;5900;132665;66376;0,00079
DualPivotQuickSort;6000;140715;73546;0,000812
DualPivotQuickSort;6000;140715;73546;0,000764
DualPivotQuickSort;6000;140715;73546;0,000799
DualPivotQuickSort;6000;140715;73546;0,000787
DualPivotQuickSort;6000;140715;73546;0,000793
DualPivotQuickSort;6000;140715;73546;0,000842
DualPivotQuickSort;6000;140715;73546;0,000809
DualPivotQuickSort;6000;140715;73546;0,00077
DualPivotQuickSort;6000;140715;73546;0,000983
DualPivotQuickSort;6000;140715;73546;0,000809
DualPivotQuickSort;6100;140268;73257;0,000855
DualPivotQuickSort;6100;140268;73257;0,000808
DualPivotQuickSort;6100;140268;73257;0,000846
DualPivotQuickSort;6100;140268;73257;0,000811
DualPivotQuickSort;6100;140268;73257;0,000791
DualPivotQuickSort;6100;140268;73257;0,000787
DualPivotQuickSort;6100;140268;73257;0,000786
DualPivotQuickSort;6100;140268;73257;0,000803
DualPivotQuickSort;6100;140268;73257;0,000806
DualPivotQuickSort;6100;140268;73257;0,000804
DualPivotQuickSort;6200;141252;73080;0,000883
DualPivotQuickSort;6200;141252;73080;0,000823
DualPivotQuickSort;6200;141252;73080;0,0008
DualPivotQuickSort;6200;141252;73080;0,000837
DualPivotQuickSort;6200;141252;73080;0,000816
DualPivotQuickSort;6200;141252;73080;0,000824
DualPivotQuickSort;6200;141252;73080;0,000838
DualPivotQuickSort;6200;141252;73080;0,000827
DualPivotQuickSort;6200;141252;73080;0,001003
DualPivotQuickSort;6200;141252;73080;0,000807
DualPivotQuickSort;6300;144104;75493;0,000839
DualPivotQuickSort;6300;144104;75493;0,000989
DualPivotQuickSort;6300;144104;75493;0,00081
DualPivotQuickSort;6300;144104;75493;0,000807
DualPivotQuickSort;6300;144104;75493;0,00081
DualPivotQuickSort;6300;144104;75493;0,000964
DualPivotQuickSort;6300;144104;75493;0,000818
DualPivotQuickSort;6300;144104;75493;0,000866
DualPivotQuickSort;6300;144104;75493;0,000821
DualPivotQuickSort;6300;144104;75493;0,000807
DualPivotQuickSort;6400;151106;80483;0,000863
DualPivotQuickSort;6400;151106;80483;0,000875
DualPivotQuickSort;6400;151106;80483;0,000849
DualPivotQuickSort;6400;151106;80483;0,000854
DualPivotQuickSort;6400;151106;80483;0,000932
DualPivotQuickSort;6400;151106;80483;0,000867
DualPivotQuickSort;6400;151106;80483;0,000863
DualPivotQuickSort;6400;151106;80483;0,002219
DualPivotQuickSort;6400;151106;80483;0,000801
DualPivotQuickSort;6400;151106;80483;0,000799
DualPivotQuickSort;6500;155170;81096;0,000839
DualPivotQuickSort;6500;155170;81096;0,000817
DualPivotQuickSort;6500;155170;81096;0,000813
DualPivotQuickSort;6500;155170;81096;0,000869
DualPivotQuickSort;6500;155170;81096;0,000863
DualPivotQuickSort;6500;155170;81096;0,000846
DualPivotQuickSort;6500;155170;81096;0,000842
DualPivotQuickSort;6500;155170;81096;0,000881
DualPivotQuickSort;6500;155170;81096;0,00085
DualPivotQuickSort;6500;155170;81096;0,000837
DualPivotQuickSort;6600;172869;87156;0,000869
DualPivotQuickSort;6600;172869;87156;0,000866
DualPivotQuickSort;6600;172869;87156;0,000846
DualPivotQuickSort;6600;172869;87156;0,000846
DualPivotQuickSort;6600;172869;87156;0,000857
DualPivotQuickSort;6600;172869;87156;0,000858
DualPivotQuickSort;6600;172869;87156;0,00084
DualPivotQuickSort;6600;172869;87156;0,000879
DualPivotQuickSort;6600;172869;87156;0,000848
DualPivotQuickSort;6600;172869;87156;0,00088
DualPivotQuickSort;6700;157153;86682;0,001122
DualPivotQuickSort;6700;157153;86682;0,000881
DualPivotQuickSort;6700;157153;86682;0,000852
DualPivotQuickSort;6700;157153;86682;0,000881
DualPivotQuickSort;6700;157153;86682;0,001113
DualPivotQuickSort;6700;157153;86682;0,000959
DualPivotQuickSort;6700;157153;86682;0,000879
DualPivotQuickSort;6700;157153;86682;0,00085
DualPivotQuickSort;6700;157153;86682;0,000848
DualPivotQuickSort;6700;157153;86682;0,000847
DualPivotQuickSort;6800;156875;88161;0,000862
DualPivotQuickSort;6800;156875;88161;0,000856
DualPivotQuickSort;6800;156875;88161;0,000855
DualPivotQuickSort;6800;156875;88161;0,000856
DualPivotQuickSort;6800;156875;88161;0,00086
DualPivotQuickSort;6800;156875;88161;0,000864
DualPivotQuickSort;6800;156875;88161;0,000856
DualPivotQuickSort;6800;156875;88161;0,000852
DualPivotQuickSort;6800;156875;88161;0,000852
DualPivotQuickSort;6800;156875;88161;0,000854
DualPivotQuickSort;6900;157772;84976;0,00089
DualPivotQuickSort;6900;157772;84976;0,00087
DualPivotQuickSort;6900;157772;84976;0,000946
DualPivotQuickSort;6900;157772;84976;0,000868
DualPivotQuickSort;6900;157772;84976;0,000864
DualPivotQuickSort;6900;157772;84976;0,00087
DualPivotQuickSort;6900;157772;84976;0,000863
DualPivotQuickSort;6900;157772;84976;0,000865
DualPivotQuickSort;6900;157772;84976;0,00087
DualPivotQuickSort;6900;157772;84976;0,000865
DualPivotQuickSort;7000;166017;92088;0,000893
DualPivotQuickSort;7000;166017;92088;0,000895
DualPivotQuickSort;7000;166017;92088;0,000887
DualPivotQuickSort;7000;166017;92088;0,000889
DualPivotQuickSort;7000;166017;92088;0,000884
DualPivotQuickSort;7000;166017;92088;0,000885
DualPivotQuickSort;7000;166017;92088;0,000883
DualPivotQuickSort;7000;166017;92088;0,000886
DualPivotQuickSort;7000;166017;92088;0,000885
DualPivotQuickSort;7000;166017;92088;0,000885
DualPivotQuickSort;7100;170313;90283;0,000909
DualPivotQuickSort;7100;170313;90283;0,000902
DualPivotQuickSort;7100;170313;90283;0,000901
DualPivotQuickSort;7100;170313;90283;0,0009
DualPivotQuickSort;7100;170313;90283;0,000902
DualPivotQuickSort;7100;170313;90283;0,000905
DualPivotQuickSort;7100;170313;90283;0,000895
DualPivotQuickSort;7100;170313;90283;0,000897
DualPivotQuickSort;7100;170313;90283;0,000904
DualPivotQuickSort;7100;170313;90283;0,000881
DualPivotQuickSort;7200;170442;90736;0,00091
DualPivotQuickSort;7200;170442;90736;0,000919
DualPivotQuickSort;7200;170442;90736;0,000906
DualPivotQuickSort;7200;170442;90736;0,000904
DualPivotQuickSort;7200;170442;90736;0,000902
DualPivotQuickSort;7200;170442;90736;0,000898
DualPivotQuickSort;7200;170442;90736;0,0009
DualPivotQuickSort;7200;170442;90736;0,000891
DualPivotQuickSort;7200;170442;90736;0,000894
DualPivotQuickSort;7200;170442;90736;0,000921
DualPivotQuickSort;7300;168711;91082;0,00099
DualPivotQuickSort;7300;168711;91082;0,00097
DualPivotQuickSort;7300;168711;91082;0,000892
DualPivotQuickSort;7300;168711;91082;0,000911
DualPivotQuickSort;7300;168711;91082;0,000888
DualPivotQuickSort;7300;168711;91082;0,000889
DualPivotQuickSort;7300;168711;91082;0,0009
DualPivotQuickSort;7300;168711;91082;0,000909
DualPivotQuickSort;7300;168711;91082;0,000895
DualPivotQuickSort;7300;168711;91082;0,000892
DualPivotQuickSort;7400;170238;90232;0,000954
DualPivotQuickSort;7400;170238;90232;0,000967
DualPivotQuickSort;7400;170238;90232;0,001418
DualPivotQuickSort;7400;170238;90232;0,001513
DualPivotQuickSort;7400;170238;90232;0,001519
DualPivotQuickSort;7400;170238;90232;0,001302
DualPivotQuickSort;7400;170238;90232;0,00094
DualPivotQuickSort;7400;170238;90232;0,000951
DualPivotQuickSort;7400;170238;90232;0,000934
DualPivotQuickSort;7400;170238;90232;0,000941
DualPivotQuickSort;7500;174486;92672;0,000954
DualPivotQuickSort;7500;174486;92672;0,000948
DualPivotQuickSort;7500;174486;92672;0,000943
DualPivotQuickSort;7500;174486;92672;0,000947
DualPivotQuickSort;7500;174486;92672;0,00095
DualPivotQuickSort;7500;174486;92672;0,000954
DualPivotQuickSort;7500;174486;92672;0,00097
DualPivotQuickSort;7500;174486;92672;0,000964
DualPivotQuickSort;7500;174486;92672;0,000944
DualPivotQuickSort;7500;174486;92672;0,000953
DualPivotQuickSort;7600;179250;94724;0,000991
DualPivotQuickSort;7600;179250;94724;0,000979
DualPivotQuickSort;7600;179250;94724;0,000992
DualPivotQuickSort;7600;179250;94724;0,000984
DualPivotQuickSort;7600;179250;94724;0,001046
DualPivotQuickSort;7600;179250;94724;0,00101
DualPivotQuickSort;7600;179250;94724;0,001004
DualPivotQuickSort;7600;179250;94724;0,001073
DualPivotQuickSort;7600;179250;94724;0,000985
DualPivotQuickSort;7600;179250;94724;0,001022
DualPivotQuickSort;7700;178548;96647;0,001001
DualPivotQuickSort;7700;178548;96647;0,000984
DualPivotQuickSort;7700;178548;96647;0,000989
DualPivotQuickSort;7700;178548;96647;0,00096
DualPivotQuickSort;7700;178548;96647;0,000979
DualPivotQuickSort;7700;178548;96647;0,000958
DualPivotQuickSort;7700;178548;96647;0,000972
DualPivotQuickSort;7700;178548;96647;0,000977
DualPivotQuickSort;7700;178548;96647;0,000964
DualPivotQuickSort;7700;178548;96647;0,000977
DualPivotQuickSort;7800;190306;96144;0,001013
DualPivotQuickSort;7800;190306;96144;0,001005
DualPivotQuickSort;7800;190306;96144;0,001015
DualPivotQuickSort;7800;190306;96144;0,00101
DualPivotQuickSort;7800;190306;96144;0,001009
DualPivotQuickSort;7800;190306;96144;0,001018
DualPivotQuickSort;7800;190306;96144;0,00103
DualPivotQuickSort;7800;190306;96144;0,001005
DualPivotQuickSort;7800;190306;96144;0,001019
DualPivotQuickSort;7800;190306;96144;0,001014
DualPivotQuickSort;7900;187151;96890;0,001034
DualPivotQuickSort;7900;187151;96890;0,001025
DualPivotQuickSort;7900;187151;96890;0,001579
DualPivotQuickSort;7900;187151;96890;0,001567
DualPivotQuickSort;7900;187151;96890;0,001592
DualPivotQuickSort;7900;187151;96890;0,001547
DualPivotQuickSort;7900;187151;96890;0,001523
DualPivotQuickSort;7900;187151;96890;0,001509
DualPivotQuickSort;7900;187151;96890;0,001641
DualPivotQuickSort;7900;187151;96890;0,001636
DualPivotQuickSort;8000;203416;108928;0,001165
DualPivotQuickSort;8000;203416;108928;0,00115
DualPivotQuickSort;8000;203416;108928;0,001099
DualPivotQuickSort;8000;203416;108928;0,001118
DualPivotQuickSort;8000;203416;108928;0,001112
DualPivotQuickSort;8000;203416;108928;0,001088
DualPivotQuickSort;8000;203416;108928;0,00107
DualPivotQuickSort;8000;203416;108928;0,00106
DualPivotQuickSort;8000;203416;108928;0,001076
DualPivotQuickSort;8000;203416;108928;0,001109
DualPivotQuickSort;8100;205942;98685;0,001284
DualPivotQuickSort;8100;205942;98685;0,00129
DualPivotQuickSort;8100;205942;98685;0,001066
DualPivotQuickSort;8100;205942;98685;0,0013
DualPivotQuickSort;8100;205942;98685;0,001088
DualPivotQuickSort;8100;205942;98685;0,001448
DualPivotQuickSort;8100;205942;98685;0,001624
DualPivotQuickSort;8100;205942;98685;0,00162
DualPivotQuickSort;8100;205942;98685;0,001598
DualPivotQuickSort;8100;205942;98685;0,001667
DualPivotQuickSort;8200;190002;110261;0,001673
DualPivotQuickSort;8200;190002;110261;0,00187
DualPivotQuickSort;8200;190002;110261;0,001605
DualPivotQuickSort;8200;190002;110261;0,001732
DualPivotQuickSort;8200;190002;110261;0,001353
DualPivotQuickSort;8200;190002;110261;0,001584
DualPivotQuickSort;8200;190002;110261;0,001567
DualPivotQuickSort;8200;190002;110261;0,001533
DualPivotQuickSort;8200;190002;110261;0,001553
DualPivotQuickSort;8200;190002;110261;0,001648
DualPivotQuickSort;8300;193180;101173;0,001756
DualPivotQuickSort;8300;193180;101173;0,001639
DualPivotQuickSort;8300;193180;101173;0,001314
DualPivotQuickSort;8300;193180;101173;0,001098
DualPivotQuickSort;8300;193180;101173;0,001058
DualPivotQuickSort;8300;193180;101173;0,001061
DualPivotQuickSort;8300;193180;101173;0,001084
DualPivotQuickSort;8300;193180;101173;0,001065
DualPivotQuickSort;8300;193180;101173;0,001058
DualPivotQuickSort;8300;193180;101173;0,001072
DualPivotQuickSort;8400;205671;108145;0,001838
DualPivotQuickSort;8400;205671;108145;0,001763
DualPivotQuickSort;8400;205671;108145;0,001671
DualPivotQuickSort;8400;205671;108145;0,001463
DualPivotQuickSort;8400;205671;108145;0,001649
DualPivotQuickSort;8400;205671;108145;0,00163
DualPivotQuickSort;8400;205671;108145;0,001626
DualPivotQuickSort;8400;205671;108145;0,001602
DualPivotQuickSort;8400;205671;108145;0,001695
DualPivotQuickSort;8400;205671;108145;0,001633
DualPivotQuickSort;8500;207161;100832;0,001227
DualPivotQuickSort;8500;207161;100832;0,001782
DualPivotQuickSort;8500;207161;100832;0,001857
DualPivotQuickSort;8500;207161;100832;0,001889
DualPivotQuickSort;8500;207161;100832;0,001777
DualPivotQuickSort;8500;207161;100832;0,001555
DualPivotQuickSort;8500;207161;100832;0,001213
DualPivotQuickSort;8500;207161;100832;0,001135
DualPivotQuickSort;8500;207161;100832;0,001135
DualPivotQuickSort;8500;207161;100832;0,001133
DualPivotQuickSort;8600;204974;112708;0,001167
DualPivotQuickSort;8600;204974;112708;0,001158
DualPivotQuickSort;8600;204974;112708;0,001315
DualPivotQuickSort;8600;204974;112708;0,001651
DualPivotQuickSort;8600;204974;112708;0,001152
DualPivotQuickSort;8600;204974;112708;0,001179
DualPivotQuickSort;8600;204974;112708;0,001155
DualPivotQuickSort;8600;204974;112708;0,001162
DualPivotQuickSort;8600;204974;112708;0,001151
DualPivotQuickSort;8600;204974;112708;0,001144
DualPivotQuickSort;8700;220602;117312;0,001892
DualPivotQuickSort;8700;220602;117312;0,001634
DualPivotQuickSort;8700;220602;117312;0,001204
DualPivotQuickSort;8700;220602;117312;0,001417
DualPivotQuickSort;8700;220602;117312;0,001168
DualPivotQuickSort;8700;220602;117312;0,001144
DualPivotQuickSort;8700;220602;117312;0,00123
DualPivotQuickSort;8700;220602;117312;0,001186
DualPivotQuickSort;8700;220602;117312;0,001141
DualPivotQuickSort;8700;220602;117312;0,001153
DualPivotQuickSort;8800;212636;114416;0,002004
DualPivotQuickSort;8800;212636;114416;0,001776
DualPivotQuickSort;8800;212636;114416;0,00136
DualPivotQuickSort;8800;212636;114416;0,001189
DualPivotQuickSort;8800;212636;114416;0,001216
DualPivotQuickSort;8800;212636;114416;0,00118
DualPivotQuickSort;8800;212636;114416;0,001287
DualPivotQuickSort;8800;212636;114416;0,001794
DualPivotQuickSort;8800;212636;114416;0,001168
DualPivotQuickSort;8800;212636;114416;0,001176
DualPivotQuickSort;8900;217970;107638;0,001189
DualPivotQuickSort;8900;217970;107638;0,001182
DualPivotQuickSort;8900;217970;107638;0,001245
DualPivotQuickSort;8900;217970;107638;0,001177
DualPivotQuickSort;8900;217970;107638;0,00118
DualPivotQuickSort;8900;217970;107638;0,001183
DualPivotQuickSort;8900;217970;107638;0,001215
DualPivotQuickSort;8900;217970;107638;0,001282
DualPivotQuickSort;8900;217970;107638;0,001187
DualPivotQuickSort;8900;217970;107638;0,001225
DualPivotQuickSort;9000;214340;115525;0,001237
DualPivotQuickSort;9000;214340;115525;0,0012
DualPivotQuickSort;9000;214340;115525;0,00119
DualPivotQuickSort;9000;214340;115525;0,001894
DualPivotQuickSort;9000;214340;115525;0,001855
DualPivotQuickSort;9000;214340;115525;0,001785
DualPivotQuickSort;9000;214340;115525;0,001747
DualPivotQuickSort;9000;214340;115525;0,001394
DualPivotQuickSort;9000;214340;115525;0,00123
DualPivotQuickSort;9000;214340;115525;0,001186
DualPivotQuickSort;9100;232193;137819;0,001241
DualPivotQuickSort;9100;232193;137819;0,001243
DualPivotQuickSort;9100;232193;137819;0,001245
DualPivotQuickSort;9100;232193;137819;0,00145
DualPivotQuickSort;9100;232193;137819;0,001242
DualPivotQuickSort;9100;232193;137819;0,001241
DualPivotQuickSort;9100;232193;137819;0,001241
DualPivotQuickSort;9100;232193;137819;0,001251
DualPivotQuickSort;9100;232193;137819;0,001233
DualPivotQuickSort;9100;232193;137819;0,001257
DualPivotQuickSort;9200;244745;125795;0,001324
DualPivotQuickSort;9200;244745;125795;0,00254
DualPivotQuickSort;9200;244745;125795;0,001281
DualPivotQuickSort;9200;244745;125795;0,001253
DualPivotQuickSort;9200;244745;125795;0,001208
DualPivotQuickSort;9200;244745;125795;0,001227
DualPivotQuickSort;9200;244745;125795;0,001224
DualPivotQuickSort;9200;244745;125795;0,001227
DualPivotQuickSort;9200;244745;125795;0,001257
DualPivotQuickSort;9200;244745;125795;0,001339
DualPivotQuickSort;9300;233520;117511;0,001272
DualPivotQuickSort;9300;233520;117511;0,001318
DualPivotQuickSort;9300;233520;117511;0,001229
DualPivotQuickSort;9300;233520;117511;0,001236
DualPivotQuickSort;9300;233520;117511;0,001246
DualPivotQuickSort;9300;233520;117511;0,001238
DualPivotQuickSort;9300;233520;117511;0,001226
DualPivotQuickSort;9300;233520;117511;0,001229
DualPivotQuickSort;9300;233520;117511;0,001238
DualPivotQuickSort;9300;233520;117511;0,001231
DualPivotQuickSort;9400;226978;115179;0,001251
DualPivotQuickSort;9400;226978;115179;0,001253
DualPivotQuickSort;9400;226978;115179;0,001275
DualPivotQuickSort;9400;226978;115179;0,001255
DualPivotQuickSort;9400;226978;115179;0,001244
DualPivotQuickSort;9400;226978;115179;0,001268
DualPivotQuickSort;9400;226978;115179;0,001291
DualPivotQuickSort;9400;226978;115179;0,00126
DualPivotQuickSort;9400;226978;115179;0,001255
DualPivotQuickSort;9400;226978;115179;0,001246
DualPivotQuickSort;9500;233096;122488;0,001279
DualPivotQuickSort;9500;233096;122488;0,001267
DualPivotQuickSort;9500;233096;122488;0,001258
DualPivotQuickSort;9500;233096;122488;0,001253
DualPivotQuickSort;9500;233096;122488;0,001271
DualPivotQuickSort;9500;233096;122488;0,001274
DualPivotQuickSort;9500;233096;122488;0,001339
DualPivotQuickSort;9500;233096;122488;0,001258
DualPivotQuickSort;9500;233096;122488;0,001254
DualPivotQuickSort;9500;233096;122488;0,001266
DualPivotQuickSort;9600;236103;122059;0,001298
DualPivotQuickSort;9600;236103;122059;0,001287
DualPivotQuickSort;9600;236103;122059;0,001288
DualPivotQuickSort;9600;236103;122059;0,001286
DualPivotQuickSort;9600;236103;122059;0,001294
DualPivotQuickSort;9600;236103;122059;0,001279
DualPivotQuickSort;9600;236103;122059;0,001304
DualPivotQuickSort;9600;236103;122059;0,001278
DualPivotQuickSort;9600;236103;122059;0,00128
DualPivotQuickSort;9600;236103;122059;0,00129
DualPivotQuickSort;9700;268837;151569;0,001376
DualPivotQuickSort;9700;268837;151569;0,001376
DualPivotQuickSort;9700;268837;151569;0,001635
DualPivotQuickSort;9700;268837;151569;0,001476
DualPivotQuickSort;9700;268837;151569;0,001431
DualPivotQuickSort;9700;268837;151569;0,002033
DualPivotQuickSort;9700;268837;151569;0,001425
DualPivotQuickSort;9700;268837;151569;0,001768
DualPivotQuickSort;9700;268837;151569;0,002291
DualPivotQuickSort;9700;268837;151569;0,002087
DualPivotQuickSort;9800;242704;120891;0,001822
DualPivotQuickSort;9800;242704;120891;0,001337
DualPivotQuickSort;9800;242704;120891;0,001338
DualPivotQuickSort;9800;242704;120891;0,001334
DualPivotQuickSort;9800;242704;120891;0,001337
DualPivotQuickSort;9800;242704;120891;0,003845
DualPivotQuickSort;9800;242704;120891;0,001431
DualPivotQuickSort;9800;242704;120891;0,001701
DualPivotQuickSort;9800;242704;120891;0,001744
DualPivotQuickSort;9800;242704;120891;0,001545
DualPivotQuickSort;9900;241639;123122;0,002166
DualPivotQuickSort;9900;241639;123122;0,002036
DualPivotQuickSort;9900;241639;123122;0,001445
DualPivotQuickSort;9900;241639;123122;0,001351
DualPivotQuickSort;9900;241639;123122;0,001369
DualPivotQuickSort;9900;241639;123122;0,001332
DualPivotQuickSort;9900;241639;123122;0,001331
DualPivotQuickSort;9900;241639;123122;0,001341
DualPivotQuickSort;9900;241639;123122;0,00153
DualPivotQuickSort;9900;241639;123122;0,001334
DualPivotQuickSort;10000;251088;131654;0,001364
DualPivotQuickSort;10000;251088;131654;0,001351
DualPivotQuickSort;10000;251088;131654;0,00136
DualPivotQuickSort;10000;251088;131654;0,001345
DualPivotQuickSort;10000;251088;131654;0,001343
DualPivotQuickSort;10000;251088;131654;0,001364
DualPivotQuickSort;10000;251088;131654;0,001371
DualPivotQuickSort;10000;251088;131654;0,001365
DualPivotQuickSort;10000;251088;131654;0,001353
DualPivotQuickSort;10000;251088;131654;0,001345
DualPivotQuickSort;100;1136;703;0,000113
DualPivotQuickSort;100;1136;703;0,000094
DualPivotQuickSort;100;1136;703;0,000082
DualPivotQuickSort;100;1136;703;0,000075
DualPivotQuickSort;100;1136;703;0,000073
DualPivotQuickSort;100;1136;703;0,000066
DualPivotQuickSort;100;1136;703;0,000062
DualPivotQuickSort;100;1136;703;0,000065
DualPivotQuickSort;100;1136;703;0,00006
DualPivotQuickSort;100;1136;703;0,000067
DualPivotQuickSort;200;2673;1336;0,000061
DualPivotQuickSort;200;2673;1336;0,000036
DualPivotQuickSort;200;2673;1336;0,000032
DualPivotQuickSort;200;2673;1336;0,000036
DualPivotQuickSort;200;2673;1336;0,000028
DualPivotQuickSort;200;2673;1336;0,000034
DualPivotQuickSort;200;2673;1336;0,000038
DualPivotQuickSort;200;2673;1336;0,000054
DualPivotQuickSort;200;2673;1336;0,000039
DualPivotQuickSort;200;2673;1336;0,000037
DualPivotQuickSort;300;4261;2228;0,000116
DualPivotQuickSort;300;4261;2228;0,000073
DualPivotQuickSort;300;4261;2228;0,000086
DualPivotQuickSort;300;4261;2228;0,000083
DualPivotQuickSort;300;4261;2228;0,000075
DualPivotQuickSort;300;4261;2228;0,00004
DualPivotQuickSort;300;4261;2228;0,000073
DualPivotQuickSort;300;4261;2228;0,00006
DualPivotQuickSort;300;4261;2228;0,000049
DualPivotQuickSort;300;4261;2228;0,000119
DualPivotQuickSort;400;6269;3385;0,000134
DualPivotQuickSort;400;6269;3385;0,000128
DualPivotQuickSort;400;6269;3385;0,000119
DualPivotQuickSort;400;6269;3385;0,00011
DualPivotQuickSort;400;6269;3385;0,000107
DualPivotQuickSort;400;6269;3385;0,000103
DualPivotQuickSort;400;6269;3385;0,000105
DualPivotQuickSort;400;6269;3385;0,000103
DualPivotQuickSort;400;6269;3385;0,000114
DualPivotQuickSort;400;6269;3385;0,000096
DualPivotQuickSort;500;7658;3750;0,002506
DualPivotQuickSort;500;7658;3750;0,000092
DualPivotQuickSort;500;7658;3750;0,000091
DualPivotQuickSort;500;7658;3750;0,000137
DualPivotQuickSort;500;7658;3750;0,000069
DualPivotQuickSort;500;7658;3750;0,00008
DualPivotQuickSort;500;7658;3750;0,00007
DualPivotQuickSort;500;7658;3750;0,000069
DualPivotQuickSort;500;7658;3750;0,000071
DualPivotQuickSort;500;7658;3750;0,000073
DualPivotQuickSort;600;9695;5405;0,000088
DualPivotQuickSort;600;9695;5405;0,000086
DualPivotQuickSort;600;9695;5405;0,000086
DualPivotQuickSort;600;9695;5405;0,000084
DualPivotQuickSort;600;9695;5405;0,000091
DualPivotQuickSort;600;9695;5405;0,000085
DualPivotQuickSort;600;9695;5405;0,0001
DualPivotQuickSort;600;9695;5405;0,000092
DualPivotQuickSort;600;9695;5405;0,00013
DualPivotQuickSort;600;9695;5405;0,000095
DualPivotQuickSort;700;12100;6900;0,000128
DualPivotQuickSort;700;12100;6900;0,000139
DualPivotQuickSort;700;12100;6900;0,000128
DualPivotQuickSort;700;12100;6900;0,000154
DualPivotQuickSort;700;12100;6900;0,000267
DualPivotQuickSort;700;12100;6900;0,000257
DualPivotQuickSort;700;12100;6900;0,000261
DualPivotQuickSort;700;12100;6900;0,000313
DualPivotQuickSort;700;12100;6900;0,000136
DualPivotQuickSort;700;12100;6900;0,000141
DualPivotQuickSort;800;14993;8178;0,000259
DualPivotQuickSort;800;14993;8178;0,000143
DualPivotQuickSort;800;14993;8178;0,000142
DualPivotQuickSort;800;14993;8178;0,000145
DualPivotQuickSort;800;14993;8178;0,000247
DualPivotQuickSort;800;14993;8178;0,000282
DualPivotQuickSort;800;14993;8178;0,000227
DualPivotQuickSort;800;14993;8178;0,000288
DualPivotQuickSort;800;14993;8178;0,000238
DualPivotQuickSort;800;14993;8178;0,000236
DualPivotQuickSort;900;15213;8332;0,000274
DualPivotQuickSort;900;15213;8332;0,000257
DualPivotQuickSort;900;15213;8332;0,000169
DualPivotQuickSort;900;15213;8332;0,000158
DualPivotQuickSort;900;15213;8332;0,000182
DualPivotQuickSort;900;15213;8332;0,000156
DualPivotQuickSort;900;15213;8332;0,000259
DualPivotQuickSort;900;15213;8332;0,000364
DualPivotQuickSort;900;15213;8332;0,000147
DualPivotQuickSort;900;15213;8332;0,000149
DualPivotQuickSort;1000;18734;8625;0,000167
DualPivotQuickSort;1000;18734;8625;0,000174
DualPivotQuickSort;1000;18734;8625;0,000174
DualPivotQuickSort;1000;18734;8625;0,000263
DualPivotQuickSort;1000;18734;8625;0,000174
DualPivotQuickSort;1000;18734;8625;0,000197
DualPivotQuickSort;1000;18734;8625;0,0004
DualPivotQuickSort;1000;18734;8625;0,000182
DualPivotQuickSort;1000;18734;8625;0,000225
DualPivotQuickSort;1000;18734;8625;0,000186
DualPivotQuickSort;1100;20486;10881;0,00027
DualPivotQuickSort;1100;20486;10881;0,00018
DualPivotQuickSort;1100;20486;10881;0,00018
DualPivotQuickSort;1100;20486;10881;0,000193
DualPivotQuickSort;1100;20486;10881;0,000212
DualPivotQuickSort;1100;20486;10881;0,000192
DualPivotQuickSort;1100;20486;10881;0,000226
DualPivotQuickSort;1100;20486;10881;0,000191
DualPivotQuickSort;1100;20486;10881;0,000177
DualPivotQuickSort;1100;20486;10881;0,000325
DualPivotQuickSort;1200;21166;11848;0,000196
DualPivotQuickSort;1200;21166;11848;0,000188
DualPivotQuickSort;1200;21166;11848;0,00021
DualPivotQuickSort;1200;21166;11848;0,0002
DualPivotQuickSort;1200;21166;11848;0,000198
DualPivotQuickSort;1200;21166;11848;0,000204
DualPivotQuickSort;1200;21166;11848;0,000218
DualPivotQuickSort;1200;21166;11848;0,000207
DualPivotQuickSort;1200;21166;11848;0,000213
DualPivotQuickSort;1200;21166;11848;0,000212
DualPivotQuickSort;1300;25636;11634;0,002192
DualPivotQuickSort;1300;25636;11634;0,000234
DualPivotQuickSort;1300;25636;11634;0,000232
DualPivotQuickSort;1300;25636;11634;0,000292
DualPivotQuickSort;1300;25636;11634;0,000224
DualPivotQuickSort;1300;25636;11634;0,000236
DualPivotQuickSort;1300;25636;11634;0,000264
DualPivotQuickSort;1300;25636;11634;0,002685
DualPivotQuickSort;1300;25636;11634;0,000245
DualPivotQuickSort;1300;25636;11634;0,00023
DualPivotQuickSort;1400;26423;14302;0,000272
DualPivotQuickSort;1400;26423;14302;0,000653
DualPivotQuickSort;1400;26423;14302;0,000217
DualPivotQuickSort;1400;26423;14302;0,000224
DualPivotQuickSort;1400;26423;14302;0,000228
DualPivotQuickSort;1400;26423;14302;0,000219
DualPivotQuickSort;1400;26423;14302;0,000227
DualPivotQuickSort;1400;26423;14302;0,000188
DualPivotQuickSort;1400;26423;14302;0,000149
DualPivotQuickSort;1400;26423;14302;0,000206
DualPivotQuickSort;1500;27163;14795;0,000286
DualPivotQuickSort;1500;27163;14795;0,000323
DualPivotQuickSort;1500;27163;14795;0,001085
DualPivotQuickSort;1500;27163;14795;0,000268
DualPivotQuickSort;1500;27163;14795;0,00026
DualPivotQuickSort;1500;27163;14795;0,000247
DualPivotQuickSort;1500;27163;14795;0,000267
DualPivotQuickSort;1500;27163;14795;0,000285
DualPivotQuickSort;1500;27163;14795;0,000257
DualPivotQuickSort;1500;27163;14795;0,000249
DualPivotQuickSort;1600;31049;14354;0,000721
DualPivotQuickSort;1600;31049;14354;0,000876
DualPivotQuickSort;1600;31049;14354;0,00052
DualPivotQuickSort;1600;31049;14354;0,000274
DualPivotQuickSort;1600;31049;14354;0,000295
DualPivotQuickSort;1600;31049;14354;0,000269
DualPivotQuickSort;1600;31049;14354;0,000289
DualPivotQuickSort;1600;31049;14354;0,000264
DualPivotQuickSort;1600;31049;14354;0,000181
DualPivotQuickSort;1600;31049;14354;0,000193
DualPivotQuickSort;1700;32465;16090;0,000207
DualPivotQuickSort;1700;32465;16090;0,000218
DualPivotQuickSort;1700;32465;16090;0,00021
DualPivotQuickSort;1700;32465;16090;0,000212
DualPivotQuickSort;1700;32465;16090;0,000209
DualPivotQuickSort;1700;32465;16090;0,000199
DualPivotQuickSort;1700;32465;16090;0,000197
DualPivotQuickSort;1700;32465;16090;0,000197
DualPivotQuickSort;1700;32465;16090;0,000204
DualPivotQuickSort;1700;32465;16090;0,000197
DualPivotQuickSort;1800;40273;21264;0,000252
DualPivotQuickSort;1800;40273;21264;0,000235
DualPivotQuickSort;1800;40273;21264;0,000238
DualPivotQuickSort;1800;40273;21264;0,000231
DualPivotQuickSort;1800;40273;21264;0,000226
DualPivotQuickSort;1800;40273;21264;0,000244
DualPivotQuickSort;1800;40273;21264;0,000236
DualPivotQuickSort;1800;40273;21264;0,000232
DualPivotQuickSort;1800;40273;21264;0,000231
DualPivotQuickSort;1800;40273;21264;0,000237
DualPivotQuickSort;1900;39711;20897;0,000255
DualPivotQuickSort;1900;39711;20897;0,000271
DualPivotQuickSort;1900;39711;20897;0,000257
DualPivotQuickSort;1900;39711;20897;0,00025
DualPivotQuickSort;1900;39711;20897;0,000257
DualPivotQuickSort;1900;39711;20897;0,000234
DualPivotQuickSort;1900;39711;20897;0,000235
DualPivotQuickSort;1900;39711;20897;0,000219
DualPivotQuickSort;1900;39711;20897;0,000233
DualPivotQuickSort;1900;39711;20897;0,000236
DualPivotQuickSort;2000;40048;20472;0,000257
DualPivotQuickSort;2000;40048;20472;0,000255
DualPivotQuickSort;2000;40048;20472;0,000255
DualPivotQuickSort;2000;40048;20472;0,000243
DualPivotQuickSort;2000;40048;20472;0,000238
DualPivotQuickSort;2000;40048;20472;0,000242
DualPivotQuickSort;2000;40048;20472;0,000237
DualPivotQuickSort;2000;40048;20472;0,000239
DualPivotQuickSort;2000;40048;20472;0,000256
DualPivotQuickSort;2000;40048;20472;0,000249
DualPivotQuickSort;2100;42042;20872;0,000287
DualPivotQuickSort;2100;42042;20872;0,000276
DualPivotQuickSort;2100;42042;20872;0,000276
DualPivotQuickSort;2100;42042;20872;0,000256
DualPivotQuickSort;2100;42042;20872;0,000283
DualPivotQuickSort;2100;42042;20872;0,00026
DualPivotQuickSort;2100;42042;20872;0,000264
DualPivotQuickSort;2100;42042;20872;0,000279
DualPivotQuickSort;2100;42042;20872;0,000278
DualPivotQuickSort;2100;42042;20872;0,000276
DualPivotQuickSort;2200;44347;24003;0,000264
DualPivotQuickSort;2200;44347;24003;0,000283
DualPivotQuickSort;2200;44347;24003;0,000259
DualPivotQuickSort;2200;44347;24003;0,000278
DualPivotQuickSort;2200;44347;24003;0,000291
DualPivotQuickSort;2200;44347;24003;0,000272
DualPivotQuickSort;2200;44347;24003;0,000286
DualPivotQuickSort;2200;44347;24003;0,000294
DualPivotQuickSort;2200;44347;24003;0,000412
DualPivotQuickSort;2200;44347;24003;0,000411
DualPivotQuickSort;2300;44677;25199;0,000297
DualPivotQuickSort;2300;44677;25199;0,000288
DualPivotQuickSort;2300;44677;25199;0,000296
DualPivotQuickSort;2300;44677;25199;0,000311
DualPivotQuickSort;2300;44677;25199;0,0003
DualPivotQuickSort;2300;44677;25199;0,000306
DualPivotQuickSort;2300;44677;25199;0,000296
DualPivotQuickSort;2300;44677;25199;0,000305
DualPivotQuickSort;2300;44677;25199;0,00028
DualPivotQuickSort;2300;44677;25199;0,00028
DualPivotQuickSort;2400;49710;25867;0,000319
DualPivotQuickSort;2400;49710;25867;0,000317
DualPivotQuickSort;2400;49710;25867;0,000322
DualPivotQuickSort;2400;49710;25867;0,00031
DualPivotQuickSort;2400;49710;25867;0,000315
DualPivotQuickSort;2400;49710;25867;0,000315
DualPivotQuickSort;2400;49710;25867;0,000339
DualPivotQuickSort;2400;49710;25867;0,000311
DualPivotQuickSort;2400;49710;25867;0,000319
DualPivotQuickSort;2400;49710;25867;0,000362
DualPivotQuickSort;2500;52426;26345;0,000312
DualPivotQuickSort;2500;52426;26345;0,000306
DualPivotQuickSort;2500;52426;26345;0,000313
DualPivotQuickSort;2500;52426;26345;0,000312
DualPivotQuickSort;2500;52426;26345;0,000324
DualPivotQuickSort;2500;52426;26345;0,00034
DualPivotQuickSort;2500;52426;26345;0,000332
DualPivotQuickSort;2500;52426;26345;0,000339
DualPivotQuickSort;2500;52426;26345;0,000327
DualPivotQuickSort;2500;52426;26345;0,000329
DualPivotQuickSort;2600;52707;27545;0,000343
DualPivotQuickSort;2600;52707;27545;0,000366
DualPivotQuickSort;2600;52707;27545;0,000362
DualPivotQuickSort;2600;52707;27545;0,000359
DualPivotQuickSort;2600;52707;27545;0,000339
DualPivotQuickSort;2600;52707;27545;0,000338
DualPivotQuickSort;2600;52707;27545;0,000332
DualPivotQuickSort;2600;52707;27545;0,00034
DualPivotQuickSort;2600;52707;27545;0,000347
DualPivotQuickSort;2600;52707;27545;0,000358
DualPivotQuickSort;2700;59055;29230;0,000365
DualPivotQuickSort;2700;59055;29230;0,000509
DualPivotQuickSort;2700;59055;29230;0,000509
DualPivotQuickSort;2700;59055;29230;0,000521
DualPivotQuickSort;2700;59055;29230;0,000543
DualPivotQuickSort;2700;59055;29230;0,000375
DualPivotQuickSort;2700;59055;29230;0,000377
DualPivotQuickSort;2700;59055;29230;0,00036
DualPivotQuickSort;2700;59055;29230;0,00034
DualPivotQuickSort;2700;59055;29230;0,00036
DualPivotQuickSort;2800;57267;30833;0,000376
DualPivotQuickSort;2800;57267;30833;0,000366
DualPivotQuickSort;2800;57267;30833;0,00036
DualPivotQuickSort;2800;57267;30833;0,000386
DualPivotQuickSort;2800;57267;30833;0,000372
DualPivotQuickSort;2800;57267;30833;0,000366
DualPivotQuickSort;2800;57267;30833;0,000362
DualPivotQuickSort;2800;57267;30833;0,000389
DualPivotQuickSort;2800;57267;30833;0,000358
DualPivotQuickSort;2800;57267;30833;0,000362
DualPivotQuickSort;2900;63638;35557;0,000399
DualPivotQuickSort;2900;63638;35557;0,000415
DualPivotQuickSort;2900;63638;35557;0,000556
DualPivotQuickSort;2900;63638;35557;0,00059
DualPivotQuickSort;2900;63638;35557;0,000593
DualPivotQuickSort;2900;63638;35557;0,000403
DualPivotQuickSort;2900;63638;35557;0,000368
DualPivotQuickSort;2900;63638;35557;0,00037
DualPivotQuickSort;2900;63638;35557;0,000394
DualPivotQuickSort;2900;63638;35557;0,000383
DualPivotQuickSort;3000;64796;34786;0,000409
DualPivotQuickSort;3000;64796;34786;0,000406
DualPivotQuickSort;3000;64796;34786;0,000395
DualPivotQuickSort;3000;64796;34786;0,00041
DualPivotQuickSort;3000;64796;34786;0,000435
DualPivotQuickSort;3000;64796;34786;0,00046
DualPivotQuickSort;3000;64796;34786;0,00041
DualPivotQuickSort;3000;64796;34786;0,000384
DualPivotQuickSort;3000;64796;34786;0,000402
DualPivotQuickSort;3000;64796;34786;0,000474
DualPivotQuickSort;3100;65808;36848;0,000446
DualPivotQuickSort;3100;65808;36848;0,000413
DualPivotQuickSort;3100;65808;36848;0,000468
DualPivotQuickSort;3100;65808;36848;0,000411
DualPivotQuickSort;3100;65808;36848;0,000425
DualPivotQuickSort;3100;65808;36848;0,000401
DualPivotQuickSort;3100;65808;36848;0,0005
DualPivotQuickSort;3100;65808;36848;0,00061
DualPivotQuickSort;3100;65808;36848;0,00062
DualPivotQuickSort;3100;65808;36848;0,000591
DualPivotQuickSort;3200;68632;35805;0,000418
DualPivotQuickSort;3200;68632;35805;0,000411
DualPivotQuickSort;3200;68632;35805;0,000409
DualPivotQuickSort;3200;68632;35805;0,000411
DualPivotQuickSort;3200;68632;35805;0,000409
DualPivotQuickSort;3200;68632;35805;0,000441
DualPivotQuickSort;3200;68632;35805;0,000407
DualPivotQuickSort;3200;68632;35805;0,000403
DualPivotQuickSort;3200;68632;35805;0,000401
DualPivotQuickSort;3200;68632;35805;0,000399
DualPivotQuickSort;3300;70449;37811;0,000424
DualPivotQuickSort;3300;70449;37811;0,000406
DualPivotQuickSort;3300;70449;37811;0,000422
DualPivotQuickSort;3300;70449;37811;0,000428
DualPivotQuickSort;3300;70449;37811;0,000423
DualPivotQuickSort;3300;70449;37811;0,000429
DualPivotQuickSort;3300;70449;37811;0,000424
DualPivotQuickSort;3300;70449;37811;0,000425
DualPivotQuickSort;3300;70449;37811;0,000419
DualPivotQuickSort;3300;70449;37811;0,000405
DualPivotQuickSort;3400;69927;37983;0,000433
DualPivotQuickSort;3400;69927;37983;0,000425
DualPivotQuickSort;3400;69927;37983;0,000438
DualPivotQuickSort;3400;69927;37983;0,000412
DualPivotQuickSort;3400;69927;37983;0,000434
DualPivotQuickSort;3400;69927;37983;0,000427
DualPivotQuickSort;3400;69927;37983;0,000458
DualPivotQuickSort;3400;69927;37983;0,000428
DualPivotQuickSort;3400;69927;37983;0,000426
DualPivotQuickSort;3400;69927;37983;0,000508
DualPivotQuickSort;3500;74664;41633;0,00066
DualPivotQuickSort;3500;74664;41633;0,000692
DualPivotQuickSort;3500;74664;41633;0,000639
DualPivotQuickSort;3500;74664;41633;0,000496
DualPivotQuickSort;3500;74664;41633;0,000435
DualPivotQuickSort;3500;74664;41633;0,000438
DualPivotQuickSort;3500;74664;41633;0,000442
DualPivotQuickSort;3500;74664;41633;0,000439
DualPivotQuickSort;3500;74664;41633;0,000439
DualPivotQuickSort;3500;74664;41633;0,000435
DualPivotQuickSort;3600;80996;44032;0,000475
DualPivotQuickSort;3600;80996;44032;0,000471
DualPivotQuickSort;3600;80996;44032;0,000468
DualPivotQuickSort;3600;80996;44032;0,000468
DualPivotQuickSort;3600;80996;44032;0,000489
DualPivotQuickSort;3600;80996;44032;0,000473
DualPivotQuickSort;3600;80996;44032;0,000456
DualPivotQuickSort;3600;80996;44032;0,00047
DualPivotQuickSort;3600;80996;44032;0,000466
DualPivotQuickSort;3600;80996;44032;0,000471
DualPivotQuickSort;3700;81547;42745;0,000482
DualPivotQuickSort;3700;81547;42745;0,000467
DualPivotQuickSort;3700;81547;42745;0,000487
DualPivotQuickSort;3700;81547;42745;0,000475
DualPivotQuickSort;3700;81547;42745;0,000492
DualPivotQuickSort;3700;81547;42745;0,000473
DualPivotQuickSort;3700;81547;42745;0,000486
DualPivotQuickSort;3700;81547;42745;0,000464
DualPivotQuickSort;3700;81547;42745;0,000468
DualPivotQuickSort;3700;81547;42745;0,000495
DualPivotQuickSort;3800;83188;46832;0,0005
DualPivotQuickSort;3800;83188;46832;0,000498
DualPivotQuickSort;3800;83188;46832;0,000488
DualPivotQuickSort;3800;83188;46832;0,000516
DualPivotQuickSort;3800;83188;46832;0,000514
DualPivotQuickSort;3800;83188;46832;0,000515
DualPivotQuickSort;3800;83188;46832;0,000492
DualPivotQuickSort;3800;83188;46832;0,000494
DualPivotQuickSort;3800;83188;46832;0,000491
DualPivotQuickSort;3800;83188;46832;0,000509
DualPivotQuickSort;3900;90830;42986;0,000612
DualPivotQuickSort;3900;90830;42986;0,00051
DualPivotQuickSort;3900;90830;42986;0,000522
DualPivotQuickSort;3900;90830;42986;0,000592
DualPivotQuickSort;3900;90830;42986;0,000894
DualPivotQuickSort;3900;90830;42986;0,000795
DualPivotQuickSort;3900;90830;42986;0,000859
DualPivotQuickSort;3900;90830;42986;0,000539
DualPivotQuickSort;3900;90830;42986;0,000527
DualPivotQuickSort;3900;90830;42986;0,000497
DualPivotQuickSort;4000;88318;47719;0,000512
DualPivotQuickSort;4000;88318;47719;0,000543
DualPivotQuickSort;4000;88318;47719;0,000506
DualPivotQuickSort;4000;88318;47719;0,000527
DualPivotQuickSort;4000;88318;47719;0,000515
DualPivotQuickSort;4000;88318;47719;0,000525
DualPivotQuickSort;4000;88318;47719;0,000521
DualPivotQuickSort;4000;88318;47719;0,000513
DualPivotQuickSort;4000;88318;47719;0,000502
DualPivotQuickSort;4000;88318;47719;0,000505
DualPivotQuickSort;4100;89828;48798;0,000557
DualPivotQuickSort;4100;89828;48798;0,000529
DualPivotQuickSort;4100;89828;48798;0,000543
DualPivotQuickSort;4100;89828;48798;0,000538
DualPivotQuickSort;4100;89828;48798;0,000551
DualPivotQuickSort;4100;89828;48798;0,000534
DualPivotQuickSort;4100;89828;48798;0,000527
DualPivotQuickSort;4100;89828;48798;0,000526
DualPivotQuickSort;4100;89828;48798;0,000525
DualPivotQuickSort;4100;89828;48798;0,000526
DualPivotQuickSort;4200;94495;51153;0,000542
DualPivotQuickSort;4200;94495;51153;0,000538
DualPivotQuickSort;4200;94495;51153;0,000549
DualPivotQuickSort;4200;94495;51153;0,000543
DualPivotQuickSort;4200;94495;51153;0,000514
DualPivotQuickSort;4200;94495;51153;0,000528
DualPivotQuickSort;4200;94495;51153;0,000522
DualPivotQuickSort;4200;94495;51153;0,000532
DualPivotQuickSort;4200;94495;51153;0,000519
DualPivotQuickSort;4200;94495;51153;0,000531
DualPivotQuickSort;4300;101553;59444;0,00058
DualPivotQuickSort;4300;101553;59444;0,000583
DualPivotQuickSort;4300;101553;59444;0,000561
DualPivotQuickSort;4300;101553;59444;0,000563
DualPivotQuickSort;4300;101553;59444;0,00056
DualPivotQuickSort;4300;101553;59444;0,000571
DualPivotQuickSort;4300;101553;59444;0,000583
DualPivotQuickSort;4300;101553;59444;0,000591
DualPivotQuickSort;4300;101553;59444;0,000605
DualPivotQuickSort;4300;101553;59444;0,000595
DualPivotQuickSort;4400;96527;52951;0,000572
DualPivotQuickSort;4400;96527;52951;0,000572
DualPivotQuickSort;4400;96527;52951;0,000574
DualPivotQuickSort;4400;96527;52951;0,000581
DualPivotQuickSort;4400;96527;52951;0,000588
DualPivotQuickSort;4400;96527;52951;0,000575
DualPivotQuickSort;4400;96527;52951;0,000582
DualPivotQuickSort;4400;96527;52951;0,000625
DualPivotQuickSort;4400;96527;52951;0,000596
DualPivotQuickSort;4400;96527;52951;0,000571
DualPivotQuickSort;4500;97001;52685;0,000589
DualPivotQuickSort;4500;97001;52685;0,000578
DualPivotQuickSort;4500;97001;52685;0,000599
DualPivotQuickSort;4500;97001;52685;0,0006
DualPivotQuickSort;4500;97001;52685;0,00062
DualPivotQuickSort;4500;97001;52685;0,000585
DualPivotQuickSort;4500;97001;52685;0,000595
DualPivotQuickSort;4500;97001;52685;0,000584
DualPivotQuickSort;4500;97001;52685;0,000579
DualPivotQuickSort;4500;97001;52685;0,000587
DualPivotQuickSort;4600;104437;55505;0,000647
DualPivotQuickSort;4600;104437;55505;0,000621
DualPivotQuickSort;4600;104437;55505;0,000605
DualPivotQuickSort;4600;104437;55505;0,000611
DualPivotQuickSort;4600;104437;55505;0,00062
DualPivotQuickSort;4600;104437;55505;0,000601
DualPivotQuickSort;4600;104437;55505;0,00065
DualPivotQuickSort;4600;104437;55505;0,000623
DualPivotQuickSort;4600;104437;55505;0,000614
DualPivotQuickSort;4600;104437;55505;0,000623
DualPivotQuickSort;4700;103929;55561;0,00061
DualPivotQuickSort;4700;103929;55561;0,000602
DualPivotQuickSort;4700;103929;55561;0,000602
DualPivotQuickSort;4700;103929;55561;0,000611
DualPivotQuickSort;4700;103929;55561;0,000611
DualPivotQuickSort;4700;103929;55561;0,000608
DualPivotQuickSort;4700;103929;55561;0,000599
DualPivotQuickSort;4700;103929;55561;0,000616
DualPivotQuickSort;4700;103929;55561;0,0009
DualPivotQuickSort;4700;103929;55561;0,000907
DualPivotQuickSort;4800;105736;55868;0,000947
DualPivotQuickSort;4800;105736;55868;0,000953
DualPivotQuickSort;4800;105736;55868;0,000923
DualPivotQuickSort;4800;105736;55868;0,000925
DualPivotQuickSort;4800;105736;55868;0,000927
DualPivotQuickSort;4800;105736;55868;0,000939
DualPivotQuickSort;4800;105736;55868;0,000928
DualPivotQuickSort;4800;105736;55868;0,001817
DualPivotQuickSort;4800;105736;55868;0,002
DualPivotQuickSort;4800;105736;55868;0,002279
DualPivotQuickSort;4900;118455;61472;0,000768
DualPivotQuickSort;4900;118455;61472;0,000693
DualPivotQuickSort;4900;118455;61472;0,000737
DualPivotQuickSort;4900;118455;61472;0,000694
DualPivotQuickSort;4900;118455;61472;0,000642
DualPivotQuickSort;4900;118455;61472;0,000646
DualPivotQuickSort;4900;118455;61472;0,000677
DualPivotQuickSort;4900;118455;61472;0,000706
DualPivotQuickSort;4900;118455;61472;0,000636
DualPivotQuickSort;4900;118455;61472;0,000663
DualPivotQuickSort;5000;124982;64023;0,000685
DualPivotQuickSort;5000;124982;64023;0,000788
DualPivotQuickSort;5000;124982;64023;0,000713
DualPivotQuickSort;5000;124982;64023;0,000675
DualPivotQuickSort;5000;124982;64023;0,000685
DualPivotQuickSort;5000;124982;64023;0,000676
DualPivotQuickSort;5000;124982;64023;0,000677
DualPivotQuickSort;5000;124982;64023;0,000695
DualPivotQuickSort;5000;124982;64023;0,000699
DualPivotQuickSort;5000;124982;64023;0,000687
DualPivotQuickSort;5100;116398;59707;0,000673
DualPivotQuickSort;5100;116398;59707;0,000681
DualPivotQuickSort;5100;116398;59707;0,000682
DualPivotQuickSort;5100;116398;59707;0,000683
DualPivotQuickSort;5100;116398;59707;0,000683
DualPivotQuickSort;5100;116398;59707;0,000743
DualPivotQuickSort;5100;116398;59707;0,00084
DualPivotQuickSort;5100;116398;59707;0,000867
DualPivotQuickSort;5100;116398;59707;0,000894
DualPivotQuickSort;5100;116398;59707;0,000929
DualPivotQuickSort;5200;128696;66315;0,001075
DualPivotQuickSort;5200;128696;66315;0,000747
DualPivotQuickSort;5200;128696;66315;0,00133
DualPivotQuickSort;5200;128696;66315;0,00122
DualPivotQuickSort;5200;128696;66315;0,001114
DualPivotQuickSort;5200;128696;66315;0,001107
DualPivotQuickSort;5200;128696;66315;0,00114
DualPivotQuickSort;5200;128696;66315;0,001123
DualPivotQuickSort;5200;128696;66315;0,00114
DualPivotQuickSort;5200;128696;66315;0,001159
DualPivotQuickSort;5300;118043;62872;0,000735
DualPivotQuickSort;5300;118043;62872;0,00078
DualPivotQuickSort;5300;118043;62872;0,001101
DualPivotQuickSort;5300;118043;62872;0,001232
DualPivotQuickSort;5300;118043;62872;0,001125
DualPivotQuickSort;5300;118043;62872;0,001054
DualPivotQuickSort;5300;118043;62872;0,001062
DualPivotQuickSort;5300;118043;62872;0,001058
DualPivotQuickSort;5300;118043;62872;0,001102
DualPivotQuickSort;5300;118043;62872;0,000731
DualPivotQuickSort;5400;117817;62825;0,000746
DualPivotQuickSort;5400;117817;62825;0,000713
DualPivotQuickSort;5400;117817;62825;0,000734
DualPivotQuickSort;5400;117817;62825;0,00079
DualPivotQuickSort;5400;117817;62825;0,001013
DualPivotQuickSort;5400;117817;62825;0,001083
DualPivotQuickSort;5400;117817;62825;0,001069
DualPivotQuickSort;5400;117817;62825;0,000874
DualPivotQuickSort;5400;117817;62825;0,000813
DualPivotQuickSort;5400;117817;62825;0,000737
DualPivotQuickSort;5500;136629;71243;0,00078
DualPivotQuickSort;5500;136629;71243;0,000785
DualPivotQuickSort;5500;136629;71243;0,000795
DualPivotQuickSort;5500;136629;71243;0,000789
DualPivotQuickSort;5500;136629;71243;0,0008
DualPivotQuickSort;5500;136629;71243;0,000825
DualPivotQuickSort;5500;136629;71243;0,00078
DualPivotQuickSort;5500;136629;71243;0,000766
DualPivotQuickSort;5500;136629;71243;0,00081
DualPivotQuickSort;5500;136629;71243;0,000795
DualPivotQuickSort;5600;122080;63533;0,000777
DualPivotQuickSort;5600;122080;63533;0,000772
DualPivotQuickSort;5600;122080;63533;0,000777
DualPivotQuickSort;5600;122080;63533;0,000752
DualPivotQuickSort;5600;122080;63533;0,001063
DualPivotQuickSort;5600;122080;63533;0,000881
DualPivotQuickSort;5600;122080;63533;0,000794
DualPivotQuickSort;5600;122080;63533;0,000761
DualPivotQuickSort;5600;122080;63533;0,000779
DualPivotQuickSort;5600;122080;63533;0,000776
DualPivotQuickSort;5700;137367;73205;0,000808
DualPivotQuickSort;5700;137367;73205;0,000789
DualPivotQuickSort;5700;137367;73205;0,000795
DualPivotQuickSort;5700;137367;73205;0,000799
DualPivotQuickSort;5700;137367;73205;0,000793
DualPivotQuickSort;5700;137367;73205;0,000778
DualPivotQuickSort;5700;137367;73205;0,000809
DualPivotQuickSort;5700;137367;73205;0,000837
DualPivotQuickSort;5700;137367;73205;0,00079
DualPivotQuickSort;5700;137367;73205;0,000781
DualPivotQuickSort;5800;136773;75508;0,000852
DualPivotQuickSort;5800;136773;75508;0,000854
DualPivotQuickSort;5800;136773;75508;0,000841
DualPivotQuickSort;5800;136773;75508;0,000854
DualPivotQuickSort;5800;136773;75508;0,000797
DualPivotQuickSort;5800;136773;75508;0,000823
DualPivotQuickSort;5800;136773;75508;0,000826
DualPivotQuickSort;5800;136773;75508;0,000799
DualPivotQuickSort;5800;136773;75508;0,000806
DualPivotQuickSort;5800;136773;75508;0,000832
DualPivotQuickSort;5900;136089;67104;0,000845
DualPivotQuickSort;5900;136089;67104;0,000828
DualPivotQuickSort;5900;136089;67104;0,000987
DualPivotQuickSort;5900;136089;67104;0,001142
DualPivotQuickSort;5900;136089;67104;0,00086
DualPivotQuickSort;5900;136089;67104;0,00083
DualPivotQuickSort;5900;136089;67104;0,000938
DualPivotQuickSort;5900;136089;67104;0,001026
DualPivotQuickSort;5900;136089;67104;0,000827
DualPivotQuickSort;5900;136089;67104;0,000784
DualPivotQuickSort;6000;136457;67966;0,000825
DualPivotQuickSort;6000;136457;67966;0,000801
DualPivotQuickSort;6000;136457;67966;0,000811
DualPivotQuickSort;6000;136457;67966;0,000805
DualPivotQuickSort;6000;136457;67966;0,000821
DualPivotQuickSort;6000;136457;67966;0,000796
DualPivotQuickSort;6000;136457;67966;0,000818
DualPivotQuickSort;6000;136457;67966;0,000948
DualPivotQuickSort;6000;136457;67966;0,000897
DualPivotQuickSort;6000;136457;67966;0,000847
DualPivotQuickSort;6100;142545;77207;0,000875
DualPivotQuickSort;6100;142545;77207;0,000912
DualPivotQuickSort;6100;142545;77207;0,000905
DualPivotQuickSort;6100;142545;77207;0,00084
DualPivotQuickSort;6100;142545;77207;0,000842
DualPivotQuickSort;6100;142545;77207;0,000915
DualPivotQuickSort;6100;142545;77207;0,000828
DualPivotQuickSort;6100;142545;77207;0,00102
DualPivotQuickSort;6100;142545;77207;0,001101
DualPivotQuickSort;6100;142545;77207;0,000825
DualPivotQuickSort;6200;140765;73059;0,000837
DualPivotQuickSort;6200;140765;73059;0,000825
DualPivotQuickSort;6200;140765;73059;0,000816
DualPivotQuickSort;6200;140765;73059;0,000824
DualPivotQuickSort;6200;140765;73059;0,000823
DualPivotQuickSort;6200;140765;73059;0,000822
DualPivotQuickSort;6200;140765;73059;0,00082
DualPivotQuickSort;6200;140765;73059;0,000827
DualPivotQuickSort;6200;140765;73059;0,000816
DualPivotQuickSort;6200;140765;73059;0,000837
DualPivotQuickSort;6300;147107;79831;0,000862
DualPivotQuickSort;6300;147107;79831;0,000881
DualPivotQuickSort;6300;147107;79831;0,000849
DualPivotQuickSort;6300;147107;79831;0,000857
DualPivotQuickSort;6300;147107;79831;0,000861
DualPivotQuickSort;6300;147107;79831;0,00087
DualPivotQuickSort;6300;147107;79831;0,00085
DualPivotQuickSort;6300;147107;79831;0,000851
DualPivotQuickSort;6300;147107;79831;0,000866
DualPivotQuickSort;6300;147107;79831;0,000872
DualPivotQuickSort;6400;144802;80565;0,002087
DualPivotQuickSort;6400;144802;80565;0,000804
DualPivotQuickSort;6400;144802;80565;0,000794
DualPivotQuickSort;6400;144802;80565;0,000789
DualPivotQuickSort;6400;144802;80565;0,000792
DualPivotQuickSort;6400;144802;80565;0,000793
DualPivotQuickSort;6400;144802;80565;0,000793
DualPivotQuickSort;6400;144802;80565;0,000806
DualPivotQuickSort;6400;144802;80565;0,000866
DualPivotQuickSort;6400;144802;80565;0,000851
DualPivotQuickSort;6500;164308;83295;0,000913
DualPivotQuickSort;6500;164308;83295;0,000929
DualPivotQuickSort;6500;164308;83295;0,000902
DualPivotQuickSort;6500;164308;83295;0,000919
DualPivotQuickSort;6500;164308;83295;0,000873
DualPivotQuickSort;6500;164308;83295;0,000862
DualPivotQuickSort;6500;164308;83295;0,000877
DualPivotQuickSort;6500;164308;83295;0,00086
DualPivotQuickSort;6500;164308;83295;0,000863
DualPivotQuickSort;6500;164308;83295;0,000863
DualPivotQuickSort;6600;166823;92482;0,000865
DualPivotQuickSort;6600;166823;92482;0,000866
DualPivotQuickSort;6600;166823;92482;0,000861
DualPivotQuickSort;6600;166823;92482;0,000861
DualPivotQuickSort;6600;166823;92482;0,000862
DualPivotQuickSort;6600;166823;92482;0,000861
DualPivotQuickSort;6600;166823;92482;0,000865
DualPivotQuickSort;6600;166823;92482;0,000862
DualPivotQuickSort;6600;166823;92482;0,000864
DualPivotQuickSort;6600;166823;92482;0,000862
DualPivotQuickSort;6700;158348;78515;0,000842
DualPivotQuickSort;6700;158348;78515;0,000842
DualPivotQuickSort;6700;158348;78515;0,000838
DualPivotQuickSort;6700;158348;78515;0,000857
DualPivotQuickSort;6700;158348;78515;0,000848
DualPivotQuickSort;6700;158348;78515;0,000842
DualPivotQuickSort;6700;158348;78515;0,000841
DualPivotQuickSort;6700;158348;78515;0,000841
DualPivotQuickSort;6700;158348;78515;0,000853
DualPivotQuickSort;6700;158348;78515;0,000845
DualPivotQuickSort;6800;169189;100569;0,000925
DualPivotQuickSort;6800;169189;100569;0,000923
DualPivotQuickSort;6800;169189;100569;0,00092
DualPivotQuickSort;6800;169189;100569;0,000918
DualPivotQuickSort;6800;169189;100569;0,000917
DualPivotQuickSort;6800;169189;100569;0,000927
DualPivotQuickSort;6800;169189;100569;0,000924
DualPivotQuickSort;6800;169189;100569;0,000922
DualPivotQuickSort;6800;169189;100569;0,000918
DualPivotQuickSort;6800;169189;100569;0,000919
DualPivotQuickSort;6900;162096;90025;0,0009
DualPivotQuickSort;6900;162096;90025;0,000896
DualPivotQuickSort;6900;162096;90025;0,0009
DualPivotQuickSort;6900;162096;90025;0,000908
DualPivotQuickSort;6900;162096;90025;0,000895
DualPivotQuickSort;6900;162096;90025;0,000954
DualPivotQuickSort;6900;162096;90025;0,00092
DualPivotQuickSort;6900;162096;90025;0,001077
DualPivotQuickSort;6900;162096;90025;0,001075
DualPivotQuickSort;6900;162096;90025;0,001127
DualPivotQuickSort;7000;167054;81280;0,000911
DualPivotQuickSort;7000;167054;81280;0,000897
DualPivotQuickSort;7000;167054;81280;0,000958
DualPivotQuickSort;7000;167054;81280;0,001459
DualPivotQuickSort;7000;167054;81280;0,000995
DualPivotQuickSort;7000;167054;81280;0,000953
DualPivotQuickSort;7000;167054;81280;0,000918
DualPivotQuickSort;7000;167054;81280;0,000933
DualPivotQuickSort;7000;167054;81280;0,000907
DualPivotQuickSort;7000;167054;81280;0,000906
DualPivotQuickSort;7100;166440;87474;0,000941
DualPivotQuickSort;7100;166440;87474;0,000936
DualPivotQuickSort;7100;166440;87474;0,000943
DualPivotQuickSort;7100;166440;87474;0,000965
DualPivotQuickSort;7100;166440;87474;0,000932
DualPivotQuickSort;7100;166440;87474;0,000935
DualPivotQuickSort;7100;166440;87474;0,000936
DualPivotQuickSort;7100;166440;87474;0,00094
DualPivotQuickSort;7100;166440;87474;0,000935
DualPivotQuickSort;7100;166440;87474;0,00094
DualPivotQuickSort;7200;175637;97507;0,000936
DualPivotQuickSort;7200;175637;97507;0,000932
DualPivotQuickSort;7200;175637;97507;0,000936
DualPivotQuickSort;7200;175637;97507;0,000937
DualPivotQuickSort;7200;175637;97507;0,000936
DualPivotQuickSort;7200;175637;97507;0,00094
DualPivotQuickSort;7200;175637;97507;0,000958
DualPivotQuickSort;7200;175637;97507;0,000935
DualPivotQuickSort;7200;175637;97507;0,000938
DualPivotQuickSort;7200;175637;97507;0,000933
DualPivotQuickSort;7300;169578;85844;0,000945
DualPivotQuickSort;7300;169578;85844;0,000942
DualPivotQuickSort;7300;169578;85844;0,00094
DualPivotQuickSort;7300;169578;85844;0,000938
DualPivotQuickSort;7300;169578;85844;0,000949
DualPivotQuickSort;7300;169578;85844;0,000946
DualPivotQuickSort;7300;169578;85844;0,000954
DualPivotQuickSort;7300;169578;85844;0,000949
DualPivotQuickSort;7300;169578;85844;0,000979
DualPivotQuickSort;7300;169578;85844;0,000949
DualPivotQuickSort;7400;181649;86063;0,000962
DualPivotQuickSort;7400;181649;86063;0,00099
DualPivotQuickSort;7400;181649;86063;0,00095
DualPivotQuickSort;7400;181649;86063;0,000958
DualPivotQuickSort;7400;181649;86063;0,0015
DualPivotQuickSort;7400;181649;86063;0,0015
DualPivotQuickSort;7400;181649;86063;0,001479
DualPivotQuickSort;7400;181649;86063;0,001327
DualPivotQuickSort;7400;181649;86063;0,000951
DualPivotQuickSort;7400;181649;86063;0,000963
DualPivotQuickSort;7500;169213;93479;0,000996
DualPivotQuickSort;7500;169213;93479;0,000994
DualPivotQuickSort;7500;169213;93479;0,001002
DualPivotQuickSort;7500;169213;93479;0,001523
DualPivotQuickSort;7500;169213;93479;0,001497
DualPivotQuickSort;7500;169213;93479;0,001277
DualPivotQuickSort;7500;169213;93479;0,00099
DualPivotQuickSort;7500;169213;93479;0,000989
DualPivotQuickSort;7500;169213;93479;0,000985
DualPivotQuickSort;7500;169213;93479;0,00099
DualPivotQuickSort;7600;177347;89518;0,000999
DualPivotQuickSort;7600;177347;89518;0,001008
DualPivotQuickSort;7600;177347;89518;0,001174
DualPivotQuickSort;7600;177347;89518;0,001015
DualPivotQuickSort;7600;177347;89518;0,001022
DualPivotQuickSort;7600;177347;89518;0,001041
DualPivotQuickSort;7600;177347;89518;0,001006
DualPivotQuickSort;7600;177347;89518;0,001006
DualPivotQuickSort;7600;177347;89518;0,001014
DualPivotQuickSort;7600;177347;89518;0,001027
DualPivotQuickSort;7700;182949;90397;0,001009
DualPivotQuickSort;7700;182949;90397;0,001024
DualPivotQuickSort;7700;182949;90397;0,000996
DualPivotQuickSort;7700;182949;90397;0,000993
DualPivotQuickSort;7700;182949;90397;0,001
DualPivotQuickSort;7700;182949;90397;0,000999
DualPivotQuickSort;7700;182949;90397;0,000988
DualPivotQuickSort;7700;182949;90397;0,000996
DualPivotQuickSort;7700;182949;90397;0,000995
DualPivotQuickSort;7700;182949;90397;0,000989
DualPivotQuickSort;7800;187008;96168;0,001031
DualPivotQuickSort;7800;187008;96168;0,001039
DualPivotQuickSort;7800;187008;96168;0,001134
DualPivotQuickSort;7800;187008;96168;0,001155
DualPivotQuickSort;7800;187008;96168;0,001035
DualPivotQuickSort;7800;187008;96168;0,001542
DualPivotQuickSort;7800;187008;96168;0,001543
DualPivotQuickSort;7800;187008;96168;0,001545
DualPivotQuickSort;7800;187008;96168;0,001543
DualPivotQuickSort;7800;187008;96168;0,001482
DualPivotQuickSort;7900;184426;93459;0,001549
DualPivotQuickSort;7900;184426;93459;0,001468
DualPivotQuickSort;7900;184426;93459;0,001507
DualPivotQuickSort;7900;184426;93459;0,001561
DualPivotQuickSort;7900;184426;93459;0,001049
DualPivotQuickSort;7900;184426;93459;0,001021
DualPivotQuickSort;7900;184426;93459;0,001064
DualPivotQuickSort;7900;184426;93459;0,001022
DualPivotQuickSort;7900;184426;93459;0,001043
DualPivotQuickSort;7900;184426;93459;0,001022
DualPivotQuickSort;8000;191322;103278;0,001057
DualPivotQuickSort;8000;191322;103278;0,00105
DualPivotQuickSort;8000;191322;103278;0,00122
DualPivotQuickSort;8000;191322;103278;0,001093
DualPivotQuickSort;8000;191322;103278;0,001596
DualPivotQuickSort;8000;191322;103278;0,001756
DualPivotQuickSort;8000;191322;103278;0,001838
DualPivotQuickSort;8000;191322;103278;0,001276
DualPivotQuickSort;8000;191322;103278;0,00109
DualPivotQuickSort;8000;191322;103278;0,001129
DualPivotQuickSort;8100;210155;112435;0,001217
DualPivotQuickSort;8100;210155;112435;0,001137
DualPivotQuickSort;8100;210155;112435;0,001465
DualPivotQuickSort;8100;210155;112435;0,001841
DualPivotQuickSort;8100;210155;112435;0,001867
DualPivotQuickSort;8100;210155;112435;0,002061
DualPivotQuickSort;8100;210155;112435;0,001788
DualPivotQuickSort;8100;210155;112435;0,00166
DualPivotQuickSort;8100;210155;112435;0,001383
DualPivotQuickSort;8100;210155;112435;0,00185
DualPivotQuickSort;8200;195855;100132;0,001868
DualPivotQuickSort;8200;195855;100132;0,001757
DualPivotQuickSort;8200;195855;100132;0,001915
DualPivotQuickSort;8200;195855;100132;0,001669
DualPivotQuickSort;8200;195855;100132;0,001678
DualPivotQuickSort;8200;195855;100132;0,001714
DualPivotQuickSort;8200;195855;100132;0,001706
DualPivotQuickSort;8200;195855;100132;0,001692
DualPivotQuickSort;8200;195855;100132;0,001538
DualPivotQuickSort;8200;195855;100132;0,001113
DualPivotQuickSort;8300;202810;104026;0,001122
DualPivotQuickSort;8300;202810;104026;0,001754
DualPivotQuickSort;8300;202810;104026;0,001797
DualPivotQuickSort;8300;202810;104026;0,001766
DualPivotQuickSort;8300;202810;104026;0,001765
DualPivotQuickSort;8300;202810;104026;0,001757
DualPivotQuickSort;8300;202810;104026;0,001716
DualPivotQuickSort;8300;202810;104026;0,001712
DualPivotQuickSort;8300;202810;104026;0,001713
DualPivotQuickSort;8300;202810;104026;0,001762
DualPivotQuickSort;8400;206552;104795;0,001778
DualPivotQuickSort;8400;206552;104795;0,001779
DualPivotQuickSort;8400;206552;104795;0,001886
DualPivotQuickSort;8400;206552;104795;0,001804
DualPivotQuickSort;8400;206552;104795;0,001747
DualPivotQuickSort;8400;206552;104795;0,001744
DualPivotQuickSort;8400;206552;104795;0,001704
DualPivotQuickSort;8400;206552;104795;0,001706
DualPivotQuickSort;8400;206552;104795;0,001691
DualPivotQuickSort;8400;206552;104795;0,001739
DualPivotQuickSort;8500;203090;107993;0,00184
DualPivotQuickSort;8500;203090;107993;0,001728
DualPivotQuickSort;8500;203090;107993;0,001763
DualPivotQuickSort;8500;203090;107993;0,001586
DualPivotQuickSort;8500;203090;107993;0,001515
DualPivotQuickSort;8500;203090;107993;0,001161
DualPivotQuickSort;8500;203090;107993;0,001142
DualPivotQuickSort;8500;203090;107993;0,001171
DualPivotQuickSort;8500;203090;107993;0,001144
DualPivotQuickSort;8500;203090;107993;0,001153
DualPivotQuickSort;8600;216546;117059;0,001211
DualPivotQuickSort;8600;216546;117059;0,001474
DualPivotQuickSort;8600;216546;117059;0,001967
DualPivotQuickSort;8600;216546;117059;0,001953
DualPivotQuickSort;8600;216546;117059;0,001527
DualPivotQuickSort;8600;216546;117059;0,0012
DualPivotQuickSort;8600;216546;117059;0,001186
DualPivotQuickSort;8600;216546;117059;0,0012
DualPivotQuickSort;8600;216546;117059;0,001187
DualPivotQuickSort;8600;216546;117059;0,001604
DualPivotQuickSort;8700;208143;109304;0,001862
DualPivotQuickSort;8700;208143;109304;0,001831
DualPivotQuickSort;8700;208143;109304;0,00182
DualPivotQuickSort;8700;208143;109304;0,001793
DualPivotQuickSort;8700;208143;109304;0,001825
DualPivotQuickSort;8700;208143;109304;0,001832
DualPivotQuickSort;8700;208143;109304;0,001895
DualPivotQuickSort;8700;208143;109304;0,001861
DualPivotQuickSort;8700;208143;109304;0,001904
DualPivotQuickSort;8700;208143;109304;0,001847
DualPivotQuickSort;8800;210758;115170;0,001193
DualPivotQuickSort;8800;210758;115170;0,001182
DualPivotQuickSort;8800;210758;115170;0,001185
DualPivotQuickSort;8800;210758;115170;0,001176
DualPivotQuickSort;8800;210758;115170;0,001174
DualPivotQuickSort;8800;210758;115170;0,001178
DualPivotQuickSort;8800;210758;115170;0,001174
DualPivotQuickSort;8800;210758;115170;0,00117
DualPivotQuickSort;8800;210758;115170;0,001443
DualPivotQuickSort;8800;210758;115170;0,00176
DualPivotQuickSort;8900;226178;114791;0,001936
DualPivotQuickSort;8900;226178;114791;0,001896
DualPivotQuickSort;8900;226178;114791;0,001916
DualPivotQuickSort;8900;226178;114791;0,001913
DualPivotQuickSort;8900;226178;114791;0,001892
DualPivotQuickSort;8900;226178;114791;0,001299
DualPivotQuickSort;8900;226178;114791;0,001251
DualPivotQuickSort;8900;226178;114791;0,001254
DualPivotQuickSort;8900;226178;114791;0,001257
DualPivotQuickSort;8900;226178;114791;0,001267
DualPivotQuickSort;9000;215302;115691;0,001257
DualPivotQuickSort;9000;215302;115691;0,001371
DualPivotQuickSort;9000;215302;115691;0,00139
DualPivotQuickSort;9000;215302;115691;0,001249
DualPivotQuickSort;9000;215302;115691;0,001259
DualPivotQuickSort;9000;215302;115691;0,001299
DualPivotQuickSort;9000;215302;115691;0,001232
DualPivotQuickSort;9000;215302;115691;0,001234
DualPivotQuickSort;9000;215302;115691;0,001242
DualPivotQuickSort;9000;215302;115691;0,001234
DualPivotQuickSort;9100;216883;106406;0,001241
DualPivotQuickSort;9100;216883;106406;0,001234
DualPivotQuickSort;9100;216883;106406;0,001219
DualPivotQuickSort;9100;216883;106406;0,001226
DualPivotQuickSort;9100;216883;106406;0,001221
DualPivotQuickSort;9100;216883;106406;0,001215
DualPivotQuickSort;9100;216883;106406;0,001223
DualPivotQuickSort;9100;216883;106406;0,001213
DualPivotQuickSort;9100;216883;106406;0,001212
DualPivotQuickSort;9100;216883;106406;0,00121
DualPivotQuickSort;9200;227413;118220;0,001275
DualPivotQuickSort;9200;227413;118220;0,001375
DualPivotQuickSort;9200;227413;118220;0,001221
DualPivotQuickSort;9200;227413;118220;0,001238
DualPivotQuickSort;9200;227413;118220;0,0013
DualPivotQuickSort;9200;227413;118220;0,001221
DualPivotQuickSort;9200;227413;118220;0,001264
DualPivotQuickSort;9200;227413;118220;0,001219
DualPivotQuickSort;9200;227413;118220;0,002833
DualPivotQuickSort;9200;227413;118220;0,001197
DualPivotQuickSort;9300;223836;107826;0,001242
DualPivotQuickSort;9300;223836;107826;0,001257
DualPivotQuickSort;9300;223836;107826;0,001302
DualPivotQuickSort;9300;223836;107826;0,001311
DualPivotQuickSort;9300;223836;107826;0,001288
DualPivotQuickSort;9300;223836;107826;0,001248
DualPivotQuickSort;9300;223836;107826;0,001253
DualPivotQuickSort;9300;223836;107826;0,001247
DualPivotQuickSort;9300;223836;107826;0,00126
DualPivotQuickSort;9300;223836;107826;0,001241
DualPivotQuickSort;9400;233254;124132;0,0013
DualPivotQuickSort;9400;233254;124132;0,001289
DualPivotQuickSort;9400;233254;124132;0,001286
DualPivotQuickSort;9400;233254;124132;0,001276
DualPivotQuickSort;9400;233254;124132;0,001304
DualPivotQuickSort;9400;233254;124132;0,001289
DualPivotQuickSort;9400;233254;124132;0,001303
DualPivotQuickSort;9400;233254;124132;0,001306
DualPivotQuickSort;9400;233254;124132;0,00128
DualPivotQuickSort;9400;233254;124132;0,001287
DualPivotQuickSort;9500;226993;110853;0,001297
DualPivotQuickSort;9500;226993;110853;0,001836
DualPivotQuickSort;9500;226993;110853;0,003758
DualPivotQuickSort;9500;226993;110853;0,001326
DualPivotQuickSort;9500;226993;110853;0,001302
DualPivotQuickSort;9500;226993;110853;0,00132
DualPivotQuickSort;9500;226993;110853;0,001377
DualPivotQuickSort;9500;226993;110853;0,002062
DualPivotQuickSort;9500;226993;110853;0,002107
DualPivotQuickSort;9500;226993;110853;0,002184
DualPivotQuickSort;9600;235823;115891;0,002101
DualPivotQuickSort;9600;235823;115891;0,002094
DualPivotQuickSort;9600;235823;115891;0,001694
DualPivotQuickSort;9600;235823;115891;0,00129
DualPivotQuickSort;9600;235823;115891;0,001282
DualPivotQuickSort;9600;235823;115891;0,001303
DualPivotQuickSort;9600;235823;115891;0,001322
DualPivotQuickSort;9600;235823;115891;0,001468
DualPivotQuickSort;9600;235823;115891;0,001289
DualPivotQuickSort;9600;235823;115891;0,001291
DualPivotQuickSort;9700;247766;116903;0,001321
DualPivotQuickSort;9700;247766;116903;0,001323
DualPivotQuickSort;9700;247766;116903;0,001319
DualPivotQuickSort;9700;247766;116903;0,001317
DualPivotQuickSort;9700;247766;116903;0,00133
DualPivotQuickSort;9700;247766;116903;0,001333
DualPivotQuickSort;9700;247766;116903;0,001318
DualPivotQuickSort;9700;247766;116903;0,001335
DualPivotQuickSort;9700;247766;116903;0,001315
DualPivotQuickSort;9700;247766;116903;0,001332
DualPivotQuickSort;9800;247749;140432;0,001406
DualPivotQuickSort;9800;247749;140432;0,001402
DualPivotQuickSort;9800;247749;140432;0,001403
DualPivotQuickSort;9800;247749;140432;0,001391
DualPivotQuickSort;9800;247749;140432;0,001421
DualPivotQuickSort;9800;247749;140432;0,002063
DualPivotQuickSort;9800;247749;140432;0,002199
DualPivotQuickSort;9800;247749;140432;0,002212
DualPivotQuickSort;9800;247749;140432;0,002167
DualPivotQuickSort;9800;247749;140432;0,002154
DualPivotQuickSort;9900;247150;133262;0,002088
DualPivotQuickSort;9900;247150;133262;0,002105
DualPivotQuickSort;9900;247150;133262;0,00214
DualPivotQuickSort;9900;247150;133262;0,002212
DualPivotQuickSort;9900;247150;133262;0,002162
DualPivotQuickSort;9900;247150;133262;0,002205
DualPivotQuickSort;9900;247150;133262;0,001776
DualPivotQuickSort;9900;247150;133262;0,0014
DualPivotQuickSort;9900;247150;133262;0,001402
DualPivotQuickSort;9900;247150;133262;0,001393
DualPivotQuickSort;10000;250808;119569;0,001384
DualPivotQuickSort;10000;250808;119569;0,001407
DualPivotQuickSort;10000;250808;119569;0,001386
DualPivotQuickSort;10000;250808;119569;0,001384
DualPivotQuickSort;10000;250808;119569;0,001381
DualPivotQuickSort;10000;250808;119569;0,001376
DualPivotQuickSort;10000;250808;119569;0,001371
DualPivotQuickSort;10000;250808;119569;0,001367
DualPivotQuickSort;10000;250808;119569;0,001378
DualPivotQuickSort;10000;250808;119569;0,001363
