MergeSort;100;1840;1542;0,000724
MergeSort;100;1840;1542;0,003222
MergeSort;100;1840;1542;0,000311
MergeSort;100;1840;1542;0,000251
MergeSort;100;1840;1542;0,000248
MergeSort;100;1840;1542;0,000071
MergeSort;100;1840;1542;0,000066
MergeSort;100;1840;1542;0,00003
MergeSort;100;1840;1542;0,000025
MergeSort;100;1840;1542;0,000044
MergeSort;200;4084;3486;0,000109
MergeSort;200;4084;3486;0,000127
MergeSort;200;4084;3486;0,000107
MergeSort;200;4084;3486;0,000102
MergeSort;200;4084;3486;0,000104
MergeSort;200;4084;3486;0,000104
MergeSort;200;4084;3486;0,000105
MergeSort;200;4084;3486;0,000107
MergeSort;200;4084;3486;0,000119
MergeSort;200;4084;3486;0,000056
MergeSort;300;6472;5574;0,00013
MergeSort;300;6472;5574;0,000092
MergeSort;300;6472;5574;0,000087
MergeSort;300;6472;5574;0,000097
MergeSort;300;6472;5574;0,000096
MergeSort;300;6472;5574;0,000107
MergeSort;300;6472;5574;0,000086
MergeSort;300;6472;5574;0,000123
MergeSort;300;6472;5574;0,000208
MergeSort;300;6472;5574;0,000094
MergeSort;400;8972;7774;0,000133
MergeSort;400;8972;7774;0,000141
MergeSort;400;8972;7774;0,000126
MergeSort;400;8972;7774;0,00013
MergeSort;400;8972;7774;0,000142
MergeSort;400;8972;7774;0,000124
MergeSort;400;8972;7774;0,000127
MergeSort;400;8972;7774;0,000214
MergeSort;400;8972;7774;0,00228
MergeSort;400;8972;7774;0,000149
MergeSort;500;11472;9974;0,00028
MergeSort;500;11472;9974;0,000254
MergeSort;500;11472;9974;0,000294
MergeSort;500;11472;9974;0,000272
MergeSort;500;11472;9974;0,000275
MergeSort;500;11472;9974;0,000267
MergeSort;500;11472;9974;0,000215
MergeSort;500;11472;9974;0,000156
MergeSort;500;11472;9974;0,000169
MergeSort;500;11472;9974;0,000158
MergeSort;600;14148;12350;0,000373
MergeSort;600;14148;12350;0,001644
MergeSort;600;14148;12350;0,000234
MergeSort;600;14148;12350;0,000192
MergeSort;600;14148;12350;0,000189
MergeSort;600;14148;12350;0,000198
MergeSort;600;14148;12350;0,000193
MergeSort;600;14148;12350;0,000198
MergeSort;600;14148;12350;0,000201
MergeSort;600;14148;12350;0,000199
MergeSort;700;16848;14750;0,00022
MergeSort;700;16848;14750;0,00023
MergeSort;700;16848;14750;0,000284
MergeSort;700;16848;14750;0,000223
MergeSort;700;16848;14750;0,00023
MergeSort;700;16848;14750;0,000226
MergeSort;700;16848;14750;0,000227
MergeSort;700;16848;14750;0,000252
MergeSort;700;16848;14750;0,000243
MergeSort;700;16848;14750;0,000212
MergeSort;800;19548;17150;0,000267
MergeSort;800;19548;17150;0,000272
MergeSort;800;19548;17150;0,000363
MergeSort;800;19548;17150;0,000349
MergeSort;800;19548;17150;0,000362
MergeSort;800;19548;17150;0,000295
MergeSort;800;19548;17150;0,000264
MergeSort;800;19548;17150;0,000302
MergeSort;800;19548;17150;0,000276
MergeSort;800;19548;17150;0,004841
MergeSort;900;22248;19550;0,000302
MergeSort;900;22248;19550;0,000288
MergeSort;900;22248;19550;0,001264
MergeSort;900;22248;19550;0,000281
MergeSort;900;22248;19550;0,000278
MergeSort;900;22248;19550;0,00027
MergeSort;900;22248;19550;0,000288
MergeSort;900;22248;19550;0,000294
MergeSort;900;22248;19550;0,000295
MergeSort;900;22248;19550;0,000266
MergeSort;1000;24948;21950;0,000301
MergeSort;1000;24948;21950;0,000309
MergeSort;1000;24948;21950;0,000351
MergeSort;1000;24948;21950;0,000319
MergeSort;1000;24948;21950;0,000296
MergeSort;1000;24948;21950;0,000315
MergeSort;1000;24948;21950;0,000332
MergeSort;1000;24948;21950;0,000334
MergeSort;1000;24948;21950;0,00033
MergeSort;1000;24948;21950;0,000324
MergeSort;1100;27800;24502;0,000354
MergeSort;1100;27800;24502;0,000368
MergeSort;1100;27800;24502;0,000357
MergeSort;1100;27800;24502;0,000338
MergeSort;1100;27800;24502;0,000366
MergeSort;1100;27800;24502;0,000389
MergeSort;1100;27800;24502;0,000389
MergeSort;1100;27800;24502;0,000372
MergeSort;1100;27800;24502;0,000229
MergeSort;1100;27800;24502;0,000228
MergeSort;1200;30700;27102;0,000264
MergeSort;1200;30700;27102;0,000246
MergeSort;1200;30700;27102;0,000251
MergeSort;1200;30700;27102;0,000423
MergeSort;1200;30700;27102;0,000585
MergeSort;1200;30700;27102;0,000379
MergeSort;1200;30700;27102;0,000388
MergeSort;1200;30700;27102;0,000242
MergeSort;1200;30700;27102;0,000251
MergeSort;1200;30700;27102;0,000255
MergeSort;1300;33600;29702;0,000476
MergeSort;1300;33600;29702;0,000462
MergeSort;1300;33600;29702;0,000452
MergeSort;1300;33600;29702;0,000468
MergeSort;1300;33600;29702;0,000453
MergeSort;1300;33600;29702;0,000454
MergeSort;1300;33600;29702;0,000479
MergeSort;1300;33600;29702;0,000456
MergeSort;1300;33600;29702;0,000499
MergeSort;1300;33600;29702;0,000388
MergeSort;1400;36500;32302;0,000319
MergeSort;1400;36500;32302;0,000303
MergeSort;1400;36500;32302;0,000303
MergeSort;1400;36500;32302;0,000288
MergeSort;1400;36500;32302;0,000324
MergeSort;1400;36500;32302;0,000285
MergeSort;1400;36500;32302;0,0003
MergeSort;1400;36500;32302;0,000301
MergeSort;1400;36500;32302;0,000299
MergeSort;1400;36500;32302;0,000291
MergeSort;1500;39400;34902;0,000337
MergeSort;1500;39400;34902;0,000309
MergeSort;1500;39400;34902;0,000336
MergeSort;1500;39400;34902;0,000338
MergeSort;1500;39400;34902;0,000329
MergeSort;1500;39400;34902;0,000321
MergeSort;1500;39400;34902;0,000326
MergeSort;1500;39400;34902;0,000321
MergeSort;1500;39400;34902;0,000317
MergeSort;1500;39400;34902;0,000311
MergeSort;1600;42300;37502;0,000338
MergeSort;1600;42300;37502;0,000338
MergeSort;1600;42300;37502;0,000396
MergeSort;1600;42300;37502;0,000527
MergeSort;1600;42300;37502;0,000406
MergeSort;1600;42300;37502;0,000337
MergeSort;1600;42300;37502;0,000339
MergeSort;1600;42300;37502;0,000338
MergeSort;1600;42300;37502;0,000329
MergeSort;1600;42300;37502;0,000342
MergeSort;1700;45200;40102;0,000358
MergeSort;1700;45200;40102;0,000357
MergeSort;1700;45200;40102;0,000366
MergeSort;1700;45200;40102;0,000348
MergeSort;1700;45200;40102;0,000629
MergeSort;1700;45200;40102;0,000341
MergeSort;1700;45200;40102;0,000335
MergeSort;1700;45200;40102;0,000336
MergeSort;1700;45200;40102;0,000334
MergeSort;1700;45200;40102;0,000349
MergeSort;1800;48100;42702;0,000726
MergeSort;1800;48100;42702;0,000493
MergeSort;1800;48100;42702;0,000491
MergeSort;1800;48100;42702;0,000504
MergeSort;1800;48100;42702;0,000495
MergeSort;1800;48100;42702;0,000504
MergeSort;1800;48100;42702;0,000502
MergeSort;1800;48100;42702;0,000513
MergeSort;1800;48100;42702;0,000496
MergeSort;1800;48100;42702;0,000503
MergeSort;1900;51000;45302;0,000545
MergeSort;1900;51000;45302;0,000533
MergeSort;1900;51000;45302;0,00054
MergeSort;1900;51000;45302;0,000368
MergeSort;1900;51000;45302;0,000377
MergeSort;1900;51000;45302;0,000366
MergeSort;1900;51000;45302;0,000352
MergeSort;1900;51000;45302;0,000371
MergeSort;1900;51000;45302;0,000355
MergeSort;1900;51000;45302;0,000358
MergeSort;2000;53900;47902;0,000376
MergeSort;2000;53900;47902;0,000358
MergeSort;2000;53900;47902;0,000368
MergeSort;2000;53900;47902;0,000379
MergeSort;2000;53900;47902;0,000369
MergeSort;2000;53900;47902;0,000372
MergeSort;2000;53900;47902;0,000366
MergeSort;2000;53900;47902;0,000371
MergeSort;2000;53900;47902;0,000391
MergeSort;2000;53900;47902;0,000368
MergeSort;2100;56904;50606;0,000393
MergeSort;2100;56904;50606;0,000402
MergeSort;2100;56904;50606;0,00039
MergeSort;2100;56904;50606;0,000387
MergeSort;2100;56904;50606;0,000391
MergeSort;2100;56904;50606;0,000404
MergeSort;2100;56904;50606;0,000388
MergeSort;2100;56904;50606;0,000401
MergeSort;2100;56904;50606;0,00039
MergeSort;2100;56904;50606;0,000407
MergeSort;2200;60004;53406;0,00042
MergeSort;2200;60004;53406;0,000419
MergeSort;2200;60004;53406;0,000579
MergeSort;2200;60004;53406;0,000442
MergeSort;2200;60004;53406;0,000424
MergeSort;2200;60004;53406;0,00041
MergeSort;2200;60004;53406;0,000437
MergeSort;2200;60004;53406;0,000441
MergeSort;2200;60004;53406;0,00042
MergeSort;2200;60004;53406;0,000536
MergeSort;2300;63104;56206;0,000725
MergeSort;2300;63104;56206;0,000679
MergeSort;2300;63104;56206;0,000584
MergeSort;2300;63104;56206;0,000461
MergeSort;2300;63104;56206;0,000628
MergeSort;2300;63104;56206;0,000441
MergeSort;2300;63104;56206;0,00044
MergeSort;2300;63104;56206;0,000545
MergeSort;2300;63104;56206;0,000484
MergeSort;2300;63104;56206;0,000452
MergeSort;2400;66204;59006;0,000754
MergeSort;2400;66204;59006;0,000757
MergeSort;2400;66204;59006;0,000731
MergeSort;2400;66204;59006;0,000712
MergeSort;2400;66204;59006;0,000786
MergeSort;2400;66204;59006;0,000693
MergeSort;2400;66204;59006;0,000714
MergeSort;2400;66204;59006;0,000669
MergeSort;2400;66204;59006;0,000671
MergeSort;2400;66204;59006;0,000691
MergeSort;2500;69304;61806;0,000741
MergeSort;2500;69304;61806;0,000739
MergeSort;2500;69304;61806;0,0007
MergeSort;2500;69304;61806;0,000724
MergeSort;2500;69304;61806;0,00075
MergeSort;2500;69304;61806;0,000715
MergeSort;2500;69304;61806;0,00071
MergeSort;2500;69304;61806;0,000731
MergeSort;2500;69304;61806;0,000805
MergeSort;2500;69304;61806;0,000545
MergeSort;2600;72404;64606;0,000568
MergeSort;2600;72404;64606;0,000555
MergeSort;2600;72404;64606;0,000728
MergeSort;2600;72404;64606;0,00053
MergeSort;2600;72404;64606;0,000527
MergeSort;2600;72404;64606;0,000542
MergeSort;2600;72404;64606;0,000532
MergeSort;2600;72404;64606;0,000489
MergeSort;2600;72404;64606;0,000498
MergeSort;2600;72404;64606;0,000491
MergeSort;2700;75504;67406;0,000539
MergeSort;2700;75504;67406;0,000529
MergeSort;2700;75504;67406;0,000759
MergeSort;2700;75504;67406;0,000769
MergeSort;2700;75504;67406;0,000541
MergeSort;2700;75504;67406;0,000516
MergeSort;2700;75504;67406;0,000576
MergeSort;2700;75504;67406;0,000524
MergeSort;2700;75504;67406;0,000536
MergeSort;2700;75504;67406;0,00056
MergeSort;2800;78604;70206;0,000607
MergeSort;2800;78604;70206;0,00053
MergeSort;2800;78604;70206;0,000573
MergeSort;2800;78604;70206;0,000584
MergeSort;2800;78604;70206;0,000524
MergeSort;2800;78604;70206;0,000589
MergeSort;2800;78604;70206;0,000596
MergeSort;2800;78604;70206;0,000589
MergeSort;2800;78604;70206;0,000618
MergeSort;2800;78604;70206;0,000568
MergeSort;2900;81704;73006;0,000617
MergeSort;2900;81704;73006;0,000601
MergeSort;2900;81704;73006;0,000664
MergeSort;2900;81704;73006;0,000683
MergeSort;2900;81704;73006;0,000587
MergeSort;2900;81704;73006;0,000618
MergeSort;2900;81704;73006;0,000611
MergeSort;2900;81704;73006;0,000622
MergeSort;2900;81704;73006;0,000626
MergeSort;2900;81704;73006;0,001285
MergeSort;3000;84804;75806;0,001112
MergeSort;3000;84804;75806;0,000613
MergeSort;3000;84804;75806;0,000652
MergeSort;3000;84804;75806;0,00065
MergeSort;3000;84804;75806;0,00062
MergeSort;3000;84804;75806;0,000639
MergeSort;3000;84804;75806;0,000638
MergeSort;3000;84804;75806;0,000643
MergeSort;3000;84804;75806;0,000655
MergeSort;3000;84804;75806;0,001774
MergeSort;3100;87904;78606;0,000499
MergeSort;3100;87904;78606;0,000512
MergeSort;3100;87904;78606;0,000563
MergeSort;3100;87904;78606;0,000665
MergeSort;3100;87904;78606;0,000671
MergeSort;3100;87904;78606;0,000719
MergeSort;3100;87904;78606;0,000516
MergeSort;3100;87904;78606;0,000499
MergeSort;3100;87904;78606;0,000491
MergeSort;3100;87904;78606;0,00051
MergeSort;3200;91004;81406;0,000525
MergeSort;3200;91004;81406;0,000511
MergeSort;3200;91004;81406;0,000511
MergeSort;3200;91004;81406;0,000513
MergeSort;3200;91004;81406;0,000508
MergeSort;3200;91004;81406;0,000511
MergeSort;3200;91004;81406;0,000508
MergeSort;3200;91004;81406;0,000507
MergeSort;3200;91004;81406;0,000503
MergeSort;3200;91004;81406;0,000517
MergeSort;3300;94104;84206;0,00052
MergeSort;3300;94104;84206;0,000535
MergeSort;3300;94104;84206;0,000534
MergeSort;3300;94104;84206;0,000525
MergeSort;3300;94104;84206;0,000519
MergeSort;3300;94104;84206;0,000529
MergeSort;3300;94104;84206;0,000519
MergeSort;3300;94104;84206;0,000522
MergeSort;3300;94104;84206;0,000531
MergeSort;3300;94104;84206;0,000517
MergeSort;3400;97204;87006;0,000547
MergeSort;3400;97204;87006;0,00056
MergeSort;3400;97204;87006;0,000545
MergeSort;3400;97204;87006;0,000547
MergeSort;3400;97204;87006;0,000557
MergeSort;3400;97204;87006;0,000539
MergeSort;3400;97204;87006;0,000542
MergeSort;3400;97204;87006;0,000536
MergeSort;3400;97204;87006;0,000545
MergeSort;3400;97204;87006;0,00055
MergeSort;3500;100304;89806;0,00058
MergeSort;3500;100304;89806;0,000571
MergeSort;3500;100304;89806;0,00057
MergeSort;3500;100304;89806;0,000567
MergeSort;3500;100304;89806;0,000563
MergeSort;3500;100304;89806;0,000562
MergeSort;3500;100304;89806;0,00058
MergeSort;3500;100304;89806;0,00057
MergeSort;3500;100304;89806;0,000571
MergeSort;3500;100304;89806;0,000596
MergeSort;3600;103404;92606;0,000578
MergeSort;3600;103404;92606;0,000578
MergeSort;3600;103404;92606;0,000572
MergeSort;3600;103404;92606;0,000587
MergeSort;3600;103404;92606;0,000595
MergeSort;3600;103404;92606;0,000611
MergeSort;3600;103404;92606;0,000587
MergeSort;3600;103404;92606;0,000591
MergeSort;3600;103404;92606;0,000581
MergeSort;3600;103404;92606;0,000592
MergeSort;3700;106504;95406;0,00061
MergeSort;3700;106504;95406;0,000602
MergeSort;3700;106504;95406;0,000619
MergeSort;3700;106504;95406;0,000593
MergeSort;3700;106504;95406;0,000611
MergeSort;3700;106504;95406;0,00062
MergeSort;3700;106504;95406;0,000623
MergeSort;3700;106504;95406;0,000624
MergeSort;3700;106504;95406;0,000623
MergeSort;3700;106504;95406;0,0006
MergeSort;3800;109604;98206;0,000644
MergeSort;3800;109604;98206;0,000614
MergeSort;3800;109604;98206;0,000616
MergeSort;3800;109604;98206;0,000618
MergeSort;3800;109604;98206;0,000615
MergeSort;3800;109604;98206;0,000618
MergeSort;3800;109604;98206;0,000608
MergeSort;3800;109604;98206;0,000617
MergeSort;3800;109604;98206;0,000607
MergeSort;3800;109604;98206;0,000605
MergeSort;3900;112704;101006;0,000637
MergeSort;3900;112704;101006;0,000629
MergeSort;3900;112704;101006;0,000636
MergeSort;3900;112704;101006;0,000638
MergeSort;3900;112704;101006;0,000634
MergeSort;3900;112704;101006;0,000652
MergeSort;3900;112704;101006;0,000642
MergeSort;3900;112704;101006;0,000639
MergeSort;3900;112704;101006;0,000634
MergeSort;3900;112704;101006;0,000645
MergeSort;4000;115804;103806;0,000655
MergeSort;4000;115804;103806;0,000653
MergeSort;4000;115804;103806;0,000654
MergeSort;4000;115804;103806;0,000653
MergeSort;4000;115804;103806;0,00066
MergeSort;4000;115804;103806;0,000648
MergeSort;4000;115804;103806;0,000651
MergeSort;4000;115804;103806;0,000666
MergeSort;4000;115804;103806;0,000648
MergeSort;4000;115804;103806;0,000643
MergeSort;4100;118912;106614;0,000677
MergeSort;4100;118912;106614;0,000655
MergeSort;4100;118912;106614;0,000668
MergeSort;4100;118912;106614;0,000666
MergeSort;4100;118912;106614;0,000662
MergeSort;4100;118912;106614;0,00103
MergeSort;4100;118912;106614;0,001067
MergeSort;4100;118912;106614;0,001081
MergeSort;4100;118912;106614;0,001047
MergeSort;4100;118912;106614;0,001065
MergeSort;4200;122212;109614;0,001099
MergeSort;4200;122212;109614;0,001078
MergeSort;4200;122212;109614;0,001098
MergeSort;4200;122212;109614;0,001095
MergeSort;4200;122212;109614;0,001116
MergeSort;4200;122212;109614;0,001094
MergeSort;4200;122212;109614;0,000966
MergeSort;4200;122212;109614;0,0007
MergeSort;4200;122212;109614;0,000702
MergeSort;4200;122212;109614;0,000703
MergeSort;4300;125512;112614;0,000715
MergeSort;4300;125512;112614;0,000698
MergeSort;4300;125512;112614;0,00071
MergeSort;4300;125512;112614;0,000705
MergeSort;4300;125512;112614;0,000726
MergeSort;4300;125512;112614;0,00071
MergeSort;4300;125512;112614;0,000704
MergeSort;4300;125512;112614;0,001105
MergeSort;4300;125512;112614;0,001083
MergeSort;4300;125512;112614;0,000716
MergeSort;4400;128812;115614;0,000714
MergeSort;4400;128812;115614;0,000729
MergeSort;4400;128812;115614;0,000722
MergeSort;4400;128812;115614;0,000717
MergeSort;4400;128812;115614;0,002044
MergeSort;4400;128812;115614;0,000728
MergeSort;4400;128812;115614;0,000715
MergeSort;4400;128812;115614;0,001033
MergeSort;4400;128812;115614;0,000867
MergeSort;4400;128812;115614;0,000724
MergeSort;4500;132112;118614;0,00076
MergeSort;4500;132112;118614;0,000751
MergeSort;4500;132112;118614;0,000736
MergeSort;4500;132112;118614;0,000752
MergeSort;4500;132112;118614;0,000724
MergeSort;4500;132112;118614;0,000754
MergeSort;4500;132112;118614;0,000776
MergeSort;4500;132112;118614;0,000813
MergeSort;4500;132112;118614;0,000782
MergeSort;4500;132112;118614;0,0008
MergeSort;4600;135412;121614;0,000765
MergeSort;4600;135412;121614;0,000759
MergeSort;4600;135412;121614;0,000776
MergeSort;4600;135412;121614;0,000789
MergeSort;4600;135412;121614;0,000775
MergeSort;4600;135412;121614;0,000769
MergeSort;4600;135412;121614;0,000776
MergeSort;4600;135412;121614;0,000773
MergeSort;4600;135412;121614;0,000771
MergeSort;4600;135412;121614;0,00078
MergeSort;4700;138712;124614;0,000812
MergeSort;4700;138712;124614;0,000794
MergeSort;4700;138712;124614;0,0008
MergeSort;4700;138712;124614;0,000827
MergeSort;4700;138712;124614;0,000793
MergeSort;4700;138712;124614;0,000812
MergeSort;4700;138712;124614;0,000791
MergeSort;4700;138712;124614;0,000781
MergeSort;4700;138712;124614;0,000784
MergeSort;4700;138712;124614;0,000779
MergeSort;4800;142012;127614;0,00081
MergeSort;4800;142012;127614;0,000831
MergeSort;4800;142012;127614;0,00084
MergeSort;4800;142012;127614;0,000795
MergeSort;4800;142012;127614;0,000805
MergeSort;4800;142012;127614;0,00085
MergeSort;4800;142012;127614;0,000807
MergeSort;4800;142012;127614;0,000806
MergeSort;4800;142012;127614;0,000805
MergeSort;4800;142012;127614;0,000799
MergeSort;4900;145312;130614;0,000835
MergeSort;4900;145312;130614;0,00083
MergeSort;4900;145312;130614;0,000827
MergeSort;4900;145312;130614;0,000829
MergeSort;4900;145312;130614;0,000826
MergeSort;4900;145312;130614;0,000835
MergeSort;4900;145312;130614;0,000826
MergeSort;4900;145312;130614;0,000833
MergeSort;4900;145312;130614;0,00082
MergeSort;4900;145312;130614;0,000826
MergeSort;5000;148612;133614;0,000862
MergeSort;5000;148612;133614;0,000885
MergeSort;5000;148612;133614;0,000859
MergeSort;5000;148612;133614;0,000844
MergeSort;5000;148612;133614;0,000881
MergeSort;5000;148612;133614;0,000851
MergeSort;5000;148612;133614;0,000839
MergeSort;5000;148612;133614;0,000851
MergeSort;5000;148612;133614;0,000843
MergeSort;5000;148612;133614;0,00085
MergeSort;5100;151912;136614;0,000925
MergeSort;5100;151912;136614;0,000878
MergeSort;5100;151912;136614;0,000887
MergeSort;5100;151912;136614;0,000871
MergeSort;5100;151912;136614;0,000868
MergeSort;5100;151912;136614;0,000858
MergeSort;5100;151912;136614;0,000861
MergeSort;5100;151912;136614;0,000876
MergeSort;5100;151912;136614;0,000862
MergeSort;5100;151912;136614;0,000865
MergeSort;5200;155212;139614;0,000922
MergeSort;5200;155212;139614;0,00106
MergeSort;5200;155212;139614;0,001392
MergeSort;5200;155212;139614;0,001377
MergeSort;5200;155212;139614;0,001126
MergeSort;5200;155212;139614;0,000929
MergeSort;5200;155212;139614;0,000981
MergeSort;5200;155212;139614;0,001367
MergeSort;5200;155212;139614;0,00121
MergeSort;5200;155212;139614;0,000888
MergeSort;5300;158512;142614;0,000915
MergeSort;5300;158512;142614;0,000895
MergeSort;5300;158512;142614;0,000907
MergeSort;5300;158512;142614;0,0009
MergeSort;5300;158512;142614;0,001037
MergeSort;5300;158512;142614;0,000944
MergeSort;5300;158512;142614;0,000891
MergeSort;5300;158512;142614;0,000893
MergeSort;5300;158512;142614;0,000901
MergeSort;5300;158512;142614;0,000917
MergeSort;5400;161812;145614;0,000958
MergeSort;5400;161812;145614;0,000923
MergeSort;5400;161812;145614;0,000907
MergeSort;5400;161812;145614;0,000921
MergeSort;5400;161812;145614;0,000943
MergeSort;5400;161812;145614;0,000963
MergeSort;5400;161812;145614;0,001875
MergeSort;5400;161812;145614;0,000896
MergeSort;5400;161812;145614;0,000922
MergeSort;5400;161812;145614;0,000996
MergeSort;5500;165112;148614;0,001462
MergeSort;5500;165112;148614;0,001225
MergeSort;5500;165112;148614;0,000919
MergeSort;5500;165112;148614;0,000914
MergeSort;5500;165112;148614;0,000956
MergeSort;5500;165112;148614;0,000937
MergeSort;5500;165112;148614;0,000924
MergeSort;5500;165112;148614;0,000926
MergeSort;5500;165112;148614;0,000933
MergeSort;5500;165112;148614;0,000938
MergeSort;5600;168412;151614;0,000991
MergeSort;5600;168412;151614;0,000949
MergeSort;5600;168412;151614;0,000947
MergeSort;5600;168412;151614;0,000948
MergeSort;5600;168412;151614;0,000976
MergeSort;5600;168412;151614;0,00095
MergeSort;5600;168412;151614;0,000947
MergeSort;5600;168412;151614;0,000966
MergeSort;5600;168412;151614;0,000959
MergeSort;5600;168412;151614;0,001089
MergeSort;5700;171712;154614;0,000972
MergeSort;5700;171712;154614;0,000992
MergeSort;5700;171712;154614;0,000966
MergeSort;5700;171712;154614;0,000968
MergeSort;5700;171712;154614;0,000964
MergeSort;5700;171712;154614;0,000975
MergeSort;5700;171712;154614;0,001072
MergeSort;5700;171712;154614;0,001001
MergeSort;5700;171712;154614;0,001549
MergeSort;5700;171712;154614;0,00146
MergeSort;5800;175012;157614;0,001595
MergeSort;5800;175012;157614;0,001272
MergeSort;5800;175012;157614;0,001005
MergeSort;5800;175012;157614;0,001
MergeSort;5800;175012;157614;0,000982
MergeSort;5800;175012;157614;0,000986
MergeSort;5800;175012;157614;0,001004
MergeSort;5800;175012;157614;0,000994
MergeSort;5800;175012;157614;0,000983
MergeSort;5800;175012;157614;0,001056
MergeSort;5900;178312;160614;0,001392
MergeSort;5900;178312;160614;0,00148
MergeSort;5900;178312;160614;0,001527
MergeSort;5900;178312;160614;0,001589
MergeSort;5900;178312;160614;0,001621
MergeSort;5900;178312;160614;0,001293
MergeSort;5900;178312;160614;0,000978
MergeSort;5900;178312;160614;0,000989
MergeSort;5900;178312;160614;0,001016
MergeSort;5900;178312;160614;0,000983
MergeSort;6000;181612;163614;0,001009
MergeSort;6000;181612;163614;0,001039
MergeSort;6000;181612;163614;0,001039
MergeSort;6000;181612;163614;0,00103
MergeSort;6000;181612;163614;0,001046
MergeSort;6000;181612;163614;0,001026
MergeSort;6000;181612;163614;0,001011
MergeSort;6000;181612;163614;0,001007
MergeSort;6000;181612;163614;0,001007
MergeSort;6000;181612;163614;0,001041
MergeSort;6100;184912;166614;0,001047
MergeSort;6100;184912;166614;0,001018
MergeSort;6100;184912;166614;0,001022
MergeSort;6100;184912;166614;0,001028
MergeSort;6100;184912;166614;0,001043
MergeSort;6100;184912;166614;0,001027
MergeSort;6100;184912;166614;0,001054
MergeSort;6100;184912;166614;0,001037
MergeSort;6100;184912;166614;0,001022
MergeSort;6100;184912;166614;0,001061
MergeSort;6200;188212;169614;0,001057
MergeSort;6200;188212;169614;0,001058
MergeSort;6200;188212;169614;0,00105
MergeSort;6200;188212;169614;0,001047
MergeSort;6200;188212;169614;0,001066
MergeSort;6200;188212;169614;0,001063
MergeSort;6200;188212;169614;0,001069
MergeSort;6200;188212;169614;0,00107
MergeSort;6200;188212;169614;0,001107
MergeSort;6200;188212;169614;0,001195
MergeSort;6300;191512;172614;0,001185
MergeSort;6300;191512;172614;0,001069
MergeSort;6300;191512;172614;0,001072
MergeSort;6300;191512;172614;0,001071
MergeSort;6300;191512;172614;0,001912
MergeSort;6300;191512;172614;0,001033
MergeSort;6300;191512;172614;0,001043
MergeSort;6300;191512;172614;0,001035
MergeSort;6300;191512;172614;0,001056
MergeSort;6300;191512;172614;0,00106
MergeSort;6400;194812;175614;0,001116
MergeSort;6400;194812;175614;0,001125
MergeSort;6400;194812;175614;0,001092
MergeSort;6400;194812;175614;0,001088
MergeSort;6400;194812;175614;0,00108
MergeSort;6400;194812;175614;0,001077
MergeSort;6400;194812;175614;0,001085
MergeSort;6400;194812;175614;0,001113
MergeSort;6400;194812;175614;0,001107
MergeSort;6400;194812;175614;0,00111
MergeSort;6500;198112;178614;0,001129
MergeSort;6500;198112;178614;0,001113
MergeSort;6500;198112;178614;0,001123
MergeSort;6500;198112;178614;0,001115
MergeSort;6500;198112;178614;0,001125
MergeSort;6500;198112;178614;0,001143
MergeSort;6500;198112;178614;0,001138
MergeSort;6500;198112;178614;0,001126
MergeSort;6500;198112;178614;0,001134
MergeSort;6500;198112;178614;0,001142
MergeSort;6600;201412;181614;0,001183
MergeSort;6600;201412;181614;0,00111
MergeSort;6600;201412;181614;0,001182
MergeSort;6600;201412;181614;0,001408
MergeSort;6600;201412;181614;0,001124
MergeSort;6600;201412;181614;0,001231
MergeSort;6600;201412;181614;0,001183
MergeSort;6600;201412;181614;0,001148
MergeSort;6600;201412;181614;0,001153
MergeSort;6600;201412;181614;0,002082
MergeSort;6700;204712;184614;0,001207
MergeSort;6700;204712;184614;0,001177
MergeSort;6700;204712;184614;0,002247
MergeSort;6700;204712;184614;0,001357
MergeSort;6700;204712;184614;0,001166
MergeSort;6700;204712;184614;0,001183
MergeSort;6700;204712;184614;0,001216
MergeSort;6700;204712;184614;0,001169
MergeSort;6700;204712;184614;0,001161
MergeSort;6700;204712;184614;0,001162
MergeSort;6800;208012;187614;0,001198
MergeSort;6800;208012;187614;0,001203
MergeSort;6800;208012;187614;0,001217
MergeSort;6800;208012;187614;0,001298
MergeSort;6800;208012;187614;0,001353
MergeSort;6800;208012;187614;0,001244
MergeSort;6800;208012;187614;0,001162
MergeSort;6800;208012;187614;0,001186
MergeSort;6800;208012;187614;0,001178
MergeSort;6800;208012;187614;0,001187
MergeSort;6900;211312;190614;0,001205
MergeSort;6900;211312;190614;0,001224
MergeSort;6900;211312;190614;0,001207
MergeSort;6900;211312;190614;0,001206
MergeSort;6900;211312;190614;0,001194
MergeSort;6900;211312;190614;0,001191
MergeSort;6900;211312;190614;0,001217
MergeSort;6900;211312;190614;0,001206
MergeSort;6900;211312;190614;0,0012
MergeSort;6900;211312;190614;0,001226
MergeSort;7000;214612;193614;0,001232
MergeSort;7000;214612;193614;0,001221
MergeSort;7000;214612;193614;0,001207
MergeSort;7000;214612;193614;0,001209
MergeSort;7000;214612;193614;0,001201
MergeSort;7000;214612;193614;0,001211
MergeSort;7000;214612;193614;0,00137
MergeSort;7000;214612;193614;0,001218
MergeSort;7000;214612;193614;0,001204
MergeSort;7000;214612;193614;0,00135
MergeSort;7100;217912;196614;0,002487
MergeSort;7100;217912;196614;0,001193
MergeSort;7100;217912;196614;0,001201
MergeSort;7100;217912;196614;0,001268
MergeSort;7100;217912;196614;0,001525
MergeSort;7100;217912;196614;0,001882
MergeSort;7100;217912;196614;0,001611
MergeSort;7100;217912;196614;0,001243
MergeSort;7100;217912;196614;0,0012
MergeSort;7100;217912;196614;0,001167
MergeSort;7200;221212;199614;0,001989
MergeSort;7200;221212;199614;0,001991
MergeSort;7200;221212;199614;0,002015
MergeSort;7200;221212;199614;0,001807
MergeSort;7200;221212;199614;0,001234
MergeSort;7200;221212;199614;0,001292
MergeSort;7200;221212;199614;0,001273
MergeSort;7200;221212;199614;0,001277
MergeSort;7200;221212;199614;0,001219
MergeSort;7200;221212;199614;0,001624
MergeSort;7300;224512;202614;0,002134
MergeSort;7300;224512;202614;0,002102
MergeSort;7300;224512;202614;0,002037
MergeSort;7300;224512;202614;0,002123
MergeSort;7300;224512;202614;0,00209
MergeSort;7300;224512;202614;0,002014
MergeSort;7300;224512;202614;0,001315
MergeSort;7300;224512;202614;0,001885
MergeSort;7300;224512;202614;0,00189
MergeSort;7300;224512;202614;0,001321
MergeSort;7400;227812;205614;0,001259
MergeSort;7400;227812;205614;0,00128
MergeSort;7400;227812;205614;0,001272
MergeSort;7400;227812;205614;0,001273
MergeSort;7400;227812;205614;0,001273
MergeSort;7400;227812;205614;0,001271
MergeSort;7400;227812;205614;0,001307
MergeSort;7400;227812;205614;0,001315
MergeSort;7400;227812;205614;0,001879
MergeSort;7400;227812;205614;0,002236
MergeSort;7500;231112;208614;0,002132
MergeSort;7500;231112;208614;0,002091
MergeSort;7500;231112;208614;0,002066
MergeSort;7500;231112;208614;0,00223
MergeSort;7500;231112;208614;0,001668
MergeSort;7500;231112;208614;0,001685
MergeSort;7500;231112;208614;0,002094
MergeSort;7500;231112;208614;0,00208
MergeSort;7500;231112;208614;0,001592
MergeSort;7500;231112;208614;0,001333
MergeSort;7600;234412;211614;0,00205
MergeSort;7600;234412;211614;0,002087
MergeSort;7600;234412;211614;0,001902
MergeSort;7600;234412;211614;0,00151
MergeSort;7600;234412;211614;0,001376
MergeSort;7600;234412;211614;0,001349
MergeSort;7600;234412;211614;0,001342
MergeSort;7600;234412;211614;0,001324
MergeSort;7600;234412;211614;0,001339
MergeSort;7600;234412;211614;0,001302
MergeSort;7700;237712;214614;0,001384
MergeSort;7700;237712;214614;0,001789
MergeSort;7700;237712;214614;0,001407
MergeSort;7700;237712;214614;0,001369
MergeSort;7700;237712;214614;0,002184
MergeSort;7700;237712;214614;0,002264
MergeSort;7700;237712;214614;0,002246
MergeSort;7700;237712;214614;0,003062
MergeSort;7700;237712;214614;0,001373
MergeSort;7700;237712;214614;0,001334
MergeSort;7800;241012;217614;0,00142
MergeSort;7800;241012;217614;0,001403
MergeSort;7800;241012;217614;0,001384
MergeSort;7800;241012;217614;0,002164
MergeSort;7800;241012;217614;0,002142
MergeSort;7800;241012;217614;0,002129
MergeSort;7800;241012;217614;0,001568
MergeSort;7800;241012;217614;0,001392
MergeSort;7800;241012;217614;0,001416
MergeSort;7800;241012;217614;0,001553
MergeSort;7900;244312;220614;0,001539
MergeSort;7900;244312;220614;0,001945
MergeSort;7900;244312;220614;0,001631
MergeSort;7900;244312;220614;0,00144
MergeSort;7900;244312;220614;0,002238
MergeSort;7900;244312;220614;0,002388
MergeSort;7900;244312;220614;0,002287
MergeSort;7900;244312;220614;0,002012
MergeSort;7900;244312;220614;0,001383
MergeSort;7900;244312;220614;0,001424
MergeSort;8000;247612;223614;0,00147
MergeSort;8000;247612;223614;0,001461
MergeSort;8000;247612;223614;0,001437
MergeSort;8000;247612;223614;0,001452
MergeSort;8000;247612;223614;0,001424
MergeSort;8000;247612;223614;0,001407
MergeSort;8000;247612;223614;0,001428
MergeSort;8000;247612;223614;0,001447
MergeSort;8000;247612;223614;0,001438
MergeSort;8000;247612;223614;0,002193
MergeSort;8100;250912;226614;0,002245
MergeSort;8100;250912;226614;0,002216
MergeSort;8100;250912;226614;0,001805
MergeSort;8100;250912;226614;0,001635
MergeSort;8100;250912;226614;0,001465
MergeSort;8100;250912;226614;0,00147
MergeSort;8100;250912;226614;0,002083
MergeSort;8100;250912;226614;0,00243
MergeSort;8100;250912;226614;0,002089
MergeSort;8100;250912;226614;0,002234
MergeSort;8200;254228;229630;0,001994
MergeSort;8200;254228;229630;0,001444
MergeSort;8200;254228;229630;0,001487
MergeSort;8200;254228;229630;0,001496
MergeSort;8200;254228;229630;0,001544
MergeSort;8200;254228;229630;0,001501
MergeSort;8200;254228;229630;0,001415
MergeSort;8200;254228;229630;0,001485
MergeSort;8200;254228;229630;0,001431
MergeSort;8200;254228;229630;0,001427
MergeSort;8300;257728;232830;0,00143
MergeSort;8300;257728;232830;0,001523
MergeSort;8300;257728;232830;0,001443
MergeSort;8300;257728;232830;0,001466
MergeSort;8300;257728;232830;0,001437
MergeSort;8300;257728;232830;0,001439
MergeSort;8300;257728;232830;0,001425
MergeSort;8300;257728;232830;0,002739
MergeSort;8300;257728;232830;0,001437
MergeSort;8300;257728;232830;0,001394
MergeSort;8400;261228;236030;0,001474
MergeSort;8400;261228;236030;0,001477
MergeSort;8400;261228;236030;0,001486
MergeSort;8400;261228;236030;0,001508
MergeSort;8400;261228;236030;0,00153
MergeSort;8400;261228;236030;0,001467
MergeSort;8400;261228;236030;0,001596
MergeSort;8400;261228;236030;0,001564
MergeSort;8400;261228;236030;0,001482
MergeSort;8400;261228;236030;0,001498
MergeSort;8500;264728;239230;0,0015
MergeSort;8500;264728;239230;0,001485
MergeSort;8500;264728;239230;0,001486
MergeSort;8500;264728;239230;0,001506
MergeSort;8500;264728;239230;0,0015
MergeSort;8500;264728;239230;0,003854
MergeSort;8500;264728;239230;0,002258
MergeSort;8500;264728;239230;0,002817
MergeSort;8500;264728;239230;0,00176
MergeSort;8500;264728;239230;0,00147
MergeSort;8600;268228;242430;0,00153
MergeSort;8600;268228;242430;0,001481
MergeSort;8600;268228;242430;0,0015
MergeSort;8600;268228;242430;0,001485
MergeSort;8600;268228;242430;0,001503
MergeSort;8600;268228;242430;0,001499
MergeSort;8600;268228;242430;0,001531
MergeSort;8600;268228;242430;0,001497
MergeSort;8600;268228;242430;0,001464
MergeSort;8600;268228;242430;0,00149
MergeSort;8700;271728;245630;0,001502
MergeSort;8700;271728;245630;0,00149
MergeSort;8700;271728;245630;0,001476
MergeSort;8700;271728;245630;0,001488
MergeSort;8700;271728;245630;0,001534
MergeSort;8700;271728;245630;0,001555
MergeSort;8700;271728;245630;0,001495
MergeSort;8700;271728;245630;0,001495
MergeSort;8700;271728;245630;0,001524
MergeSort;8700;271728;245630;0,001516
MergeSort;8800;275228;248830;0,0016
MergeSort;8800;275228;248830;0,001584
MergeSort;8800;275228;248830;0,001533
MergeSort;8800;275228;248830;0,001542
MergeSort;8800;275228;248830;0,00153
MergeSort;8800;275228;248830;0,001615
MergeSort;8800;275228;248830;0,001549
MergeSort;8800;275228;248830;0,00155
MergeSort;8800;275228;248830;0,001547
MergeSort;8800;275228;248830;0,001543
MergeSort;8900;278728;252030;0,001557
MergeSort;8900;278728;252030;0,00161
MergeSort;8900;278728;252030;0,002291
MergeSort;8900;278728;252030;0,001519
MergeSort;8900;278728;252030;0,001549
MergeSort;8900;278728;252030;0,001537
MergeSort;8900;278728;252030;0,002
MergeSort;8900;278728;252030;0,002407
MergeSort;8900;278728;252030;0,00239
MergeSort;8900;278728;252030;0,002139
MergeSort;9000;282228;255230;0,002495
MergeSort;9000;282228;255230;0,001601
MergeSort;9000;282228;255230;0,002399
MergeSort;9000;282228;255230;0,001787
MergeSort;9000;282228;255230;0,001702
MergeSort;9000;282228;255230;0,001577
MergeSort;9000;282228;255230;0,001574
MergeSort;9000;282228;255230;0,001552
MergeSort;9000;282228;255230;0,001544
MergeSort;9000;282228;255230;0,001541
MergeSort;9100;285728;258430;0,001598
MergeSort;9100;285728;258430;0,001597
MergeSort;9100;285728;258430;0,001589
MergeSort;9100;285728;258430;0,001627
MergeSort;9100;285728;258430;0,001566
MergeSort;9100;285728;258430;0,001553
MergeSort;9100;285728;258430;0,001563
MergeSort;9100;285728;258430;0,001568
MergeSort;9100;285728;258430;0,001555
MergeSort;9100;285728;258430;0,00159
MergeSort;9200;289228;261630;0,001622
MergeSort;9200;289228;261630;0,001628
MergeSort;9200;289228;261630;0,001613
MergeSort;9200;289228;261630;0,001604
MergeSort;9200;289228;261630;0,001633
MergeSort;9200;289228;261630;0,001645
MergeSort;9200;289228;261630;0,001662
MergeSort;9200;289228;261630;0,001576
MergeSort;9200;289228;261630;0,001579
MergeSort;9200;289228;261630;0,001605
MergeSort;9300;292728;264830;0,002166
MergeSort;9300;292728;264830;0,001747
MergeSort;9300;292728;264830;0,001742
MergeSort;9300;292728;264830;0,001624
MergeSort;9300;292728;264830;0,00163
MergeSort;9300;292728;264830;0,001618
MergeSort;9300;292728;264830;0,001635
MergeSort;9300;292728;264830;0,001621
MergeSort;9300;292728;264830;0,001617
MergeSort;9300;292728;264830;0,001612
MergeSort;9400;296228;268030;0,001661
MergeSort;9400;296228;268030;0,001622
MergeSort;9400;296228;268030;0,002205
MergeSort;9400;296228;268030;0,001607
MergeSort;9400;296228;268030;0,001622
MergeSort;9400;296228;268030;0,001575
MergeSort;9400;296228;268030;0,001613
MergeSort;9400;296228;268030;0,001613
MergeSort;9400;296228;268030;0,001605
MergeSort;9400;296228;268030;0,001583
MergeSort;9500;299728;271230;0,001728
MergeSort;9500;299728;271230;0,00166
MergeSort;9500;299728;271230;0,001667
MergeSort;9500;299728;271230;0,001658
MergeSort;9500;299728;271230;0,001661
MergeSort;9500;299728;271230;0,001657
MergeSort;9500;299728;271230;0,001642
MergeSort;9500;299728;271230;0,001684
MergeSort;9500;299728;271230;0,001676
MergeSort;9500;299728;271230;0,001637
MergeSort;9600;303228;274430;0,001696
MergeSort;9600;303228;274430;0,001726
MergeSort;9600;303228;274430;0,001743
MergeSort;9600;303228;274430;0,001694
MergeSort;9600;303228;274430;0,001694
MergeSort;9600;303228;274430;0,001844
MergeSort;9600;303228;274430;0,001707
MergeSort;9600;303228;274430;0,001709
MergeSort;9600;303228;274430;0,001698
MergeSort;9600;303228;274430;0,001697
MergeSort;9700;306728;277630;0,001672
MergeSort;9700;306728;277630;0,001678
MergeSort;9700;306728;277630;0,001704
MergeSort;9700;306728;277630;0,001708
MergeSort;9700;306728;277630;0,001705
MergeSort;9700;306728;277630;0,001661
MergeSort;9700;306728;277630;0,001705
MergeSort;9700;306728;277630;0,001757
MergeSort;9700;306728;277630;0,001686
MergeSort;9700;306728;277630;0,001682
MergeSort;9800;310228;280830;0,001754
MergeSort;9800;310228;280830;0,001755
MergeSort;9800;310228;280830;0,001724
MergeSort;9800;310228;280830;0,001709
MergeSort;9800;310228;280830;0,001737
MergeSort;9800;310228;280830;0,001735
MergeSort;9800;310228;280830;0,001755
MergeSort;9800;310228;280830;0,001722
MergeSort;9800;310228;280830;0,001737
MergeSort;9800;310228;280830;0,001723
MergeSort;9900;313728;284030;0,002525
MergeSort;9900;313728;284030;0,00169
MergeSort;9900;313728;284030;0,001772
MergeSort;9900;313728;284030;0,001689
MergeSort;9900;313728;284030;0,001705
MergeSort;9900;313728;284030;0,001719
MergeSort;9900;313728;284030;0,001697
MergeSort;9900;313728;284030;0,001685
MergeSort;9900;313728;284030;0,001717
MergeSort;9900;313728;284030;0,00169
MergeSort;10000;317228;287230;0,001765
MergeSort;10000;317228;287230;0,001739
MergeSort;10000;317228;287230;0,001755
MergeSort;10000;317228;287230;0,001761
MergeSort;10000;317228;287230;0,001748
MergeSort;10000;317228;287230;0,001779
MergeSort;10000;317228;287230;0,001744
MergeSort;10000;317228;287230;0,001724
MergeSort;10000;317228;287230;0,001743
MergeSort;10000;317228;287230;0,001777
MergeSort;100;1840;1542;0,00048
MergeSort;100;1840;1542;0,002269
MergeSort;100;1840;1542;0,000166
MergeSort;100;1840;1542;0,000168
MergeSort;100;1840;1542;0,000141
MergeSort;100;1840;1542;0,000146
MergeSort;100;1840;1542;0,000042
MergeSort;100;1840;1542;0,000038
MergeSort;100;1840;1542;0,000037
MergeSort;100;1840;1542;0,000028
MergeSort;200;4084;3486;0,000061
MergeSort;200;4084;3486;0,000069
MergeSort;200;4084;3486;0,000054
MergeSort;200;4084;3486;0,000061
MergeSort;200;4084;3486;0,000053
MergeSort;200;4084;3486;0,000055
MergeSort;200;4084;3486;0,000053
MergeSort;200;4084;3486;0,000053
MergeSort;200;4084;3486;0,000065
MergeSort;200;4084;3486;0,000099
MergeSort;300;6472;5574;0,000171
MergeSort;300;6472;5574;0,000158
MergeSort;300;6472;5574;0,000154
MergeSort;300;6472;5574;0,000159
MergeSort;300;6472;5574;0,000156
MergeSort;300;6472;5574;0,000155
MergeSort;300;6472;5574;0,000158
MergeSort;300;6472;5574;0,000161
MergeSort;300;6472;5574;0,000157
MergeSort;300;6472;5574;0,000156
MergeSort;400;8972;7774;0,000377
MergeSort;400;8972;7774;0,000129
MergeSort;400;8972;7774;0,000119
MergeSort;400;8972;7774;0,000128
MergeSort;400;8972;7774;0,000113
MergeSort;400;8972;7774;0,000115
MergeSort;400;8972;7774;0,00019
MergeSort;400;8972;7774;0,000204
MergeSort;400;8972;7774;0,003053
MergeSort;400;8972;7774;0,000266
MergeSort;500;11472;9974;0,000503
MergeSort;500;11472;9974;0,000334
MergeSort;500;11472;9974;0,000298
MergeSort;500;11472;9974;0,000276
MergeSort;500;11472;9974;0,000261
MergeSort;500;11472;9974;0,00025
MergeSort;500;11472;9974;0,000277
MergeSort;500;11472;9974;0,000262
MergeSort;500;11472;9974;0,000312
MergeSort;500;11472;9974;0,000251
MergeSort;600;14148;12350;0,000208
MergeSort;600;14148;12350;0,000264
MergeSort;600;14148;12350;0,000166
MergeSort;600;14148;12350;0,000217
MergeSort;600;14148;12350;0,000174
MergeSort;600;14148;12350;0,000182
MergeSort;600;14148;12350;0,000188
MergeSort;600;14148;12350;0,000169
MergeSort;600;14148;12350;0,000169
MergeSort;600;14148;12350;0,000175
MergeSort;700;16848;14750;0,000221
MergeSort;700;16848;14750;0,000251
MergeSort;700;16848;14750;0,000589
MergeSort;700;16848;14750;0,000269
MergeSort;700;16848;14750;0,000212
MergeSort;700;16848;14750;0,000217
MergeSort;700;16848;14750;0,000218
MergeSort;700;16848;14750;0,000205
MergeSort;700;16848;14750;0,00021
MergeSort;700;16848;14750;0,000271
MergeSort;800;19548;17150;0,000252
MergeSort;800;19548;17150;0,000248
MergeSort;800;19548;17150;0,000249
MergeSort;800;19548;17150;0,000258
MergeSort;800;19548;17150;0,000255
MergeSort;800;19548;17150;0,000244
MergeSort;800;19548;17150;0,000238
MergeSort;800;19548;17150;0,000254
MergeSort;800;19548;17150;0,000352
MergeSort;800;19548;17150;0,000317
MergeSort;900;22248;19550;0,000302
MergeSort;900;22248;19550;0,000284
MergeSort;900;22248;19550;0,000364
MergeSort;900;22248;19550;0,000251
MergeSort;900;22248;19550;0,000269
MergeSort;900;22248;19550;0,000405
MergeSort;900;22248;19550;0,000278
MergeSort;900;22248;19550;0,000317
MergeSort;900;22248;19550;0,000276
MergeSort;900;22248;19550;0,000275
MergeSort;1000;24948;21950;0,000354
MergeSort;1000;24948;21950;0,0003
MergeSort;1000;24948;21950;0,00033
MergeSort;1000;24948;21950;0,000299
MergeSort;1000;24948;21950;0,000261
MergeSort;1000;24948;21950;0,00035
MergeSort;1000;24948;21950;0,000319
MergeSort;1000;24948;21950;0,00032
MergeSort;1000;24948;21950;0,000319
MergeSort;1000;24948;21950;0,000314
MergeSort;1100;27800;24502;0,00039
MergeSort;1100;27800;24502;0,000345
MergeSort;1100;27800;24502;0,000391
MergeSort;1100;27800;24502;0,00033
MergeSort;1100;27800;24502;0,000348
MergeSort;1100;27800;24502;0,000349
MergeSort;1100;27800;24502;0,000335
MergeSort;1100;27800;24502;0,000222
MergeSort;1100;27800;24502;0,000259
MergeSort;1100;27800;24502;0,000263
MergeSort;1200;30700;27102;0,000238
MergeSort;1200;30700;27102;0,000242
MergeSort;1200;30700;27102;0,000249
MergeSort;1200;30700;27102;0,000236
MergeSort;1200;30700;27102;0,000233
MergeSort;1200;30700;27102;0,000267
MergeSort;1200;30700;27102;0,000239
MergeSort;1200;30700;27102;0,000236
MergeSort;1200;30700;27102;0,000275
MergeSort;1200;30700;27102;0,000237
MergeSort;1300;33600;29702;0,000436
MergeSort;1300;33600;29702;0,00048
MergeSort;1300;33600;29702;0,000432
MergeSort;1300;33600;29702;0,000419
MergeSort;1300;33600;29702;0,000412
MergeSort;1300;33600;29702;0,000408
MergeSort;1300;33600;29702;0,000281
MergeSort;1300;33600;29702;0,00026
MergeSort;1300;33600;29702;0,000256
MergeSort;1300;33600;29702;0,000279
MergeSort;1400;36500;32302;0,000285
MergeSort;1400;36500;32302;0,000278
MergeSort;1400;36500;32302;0,000274
MergeSort;1400;36500;32302;0,000309
MergeSort;1400;36500;32302;0,00061
MergeSort;1400;36500;32302;0,000438
MergeSort;1400;36500;32302;0,000433
MergeSort;1400;36500;32302;0,000439
MergeSort;1400;36500;32302;0,000403
MergeSort;1400;36500;32302;0,000452
MergeSort;1500;39400;34902;0,000473
MergeSort;1500;39400;34902;0,000486
MergeSort;1500;39400;34902;0,000476
MergeSort;1500;39400;34902;0,000486
MergeSort;1500;39400;34902;0,000494
MergeSort;1500;39400;34902;0,00051
MergeSort;1500;39400;34902;0,000457
MergeSort;1500;39400;34902;0,000479
MergeSort;1500;39400;34902;0,000504
MergeSort;1500;39400;34902;0,000497
MergeSort;1600;42300;37502;0,000517
MergeSort;1600;42300;37502;0,000323
MergeSort;1600;42300;37502;0,000334
MergeSort;1600;42300;37502;0,000336
MergeSort;1600;42300;37502;0,000345
MergeSort;1600;42300;37502;0,000317
MergeSort;1600;42300;37502;0,00054
MergeSort;1600;42300;37502;0,000311
MergeSort;1600;42300;37502;0,000315
MergeSort;1600;42300;37502;0,00042
MergeSort;1700;45200;40102;0,000304
MergeSort;1700;45200;40102;0,000297
MergeSort;1700;45200;40102;0,000316
MergeSort;1700;45200;40102;0,000293
MergeSort;1700;45200;40102;0,000297
MergeSort;1700;45200;40102;0,000298
MergeSort;1700;45200;40102;0,000291
MergeSort;1700;45200;40102;0,000299
MergeSort;1700;45200;40102;0,000295
MergeSort;1700;45200;40102;0,000293
MergeSort;1800;48100;42702;0,000319
MergeSort;1800;48100;42702;0,00032
MergeSort;1800;48100;42702;0,000319
MergeSort;1800;48100;42702;0,000317
MergeSort;1800;48100;42702;0,000316
MergeSort;1800;48100;42702;0,000316
MergeSort;1800;48100;42702;0,00032
MergeSort;1800;48100;42702;0,000308
MergeSort;1800;48100;42702;0,000312
MergeSort;1800;48100;42702;0,000321
MergeSort;1900;51000;45302;0,000339
MergeSort;1900;51000;45302;0,000339
MergeSort;1900;51000;45302;0,000342
MergeSort;1900;51000;45302;0,000333
MergeSort;1900;51000;45302;0,000337
MergeSort;1900;51000;45302;0,000333
MergeSort;1900;51000;45302;0,000342
MergeSort;1900;51000;45302;0,000339
MergeSort;1900;51000;45302;0,00036
MergeSort;1900;51000;45302;0,000349
MergeSort;2000;53900;47902;0,000381
MergeSort;2000;53900;47902;0,000546
MergeSort;2000;53900;47902;0,000431
MergeSort;2000;53900;47902;0,000352
MergeSort;2000;53900;47902;0,000353
MergeSort;2000;53900;47902;0,000371
MergeSort;2000;53900;47902;0,000349
MergeSort;2000;53900;47902;0,000355
MergeSort;2000;53900;47902;0,000351
MergeSort;2000;53900;47902;0,000354
MergeSort;2100;56904;50606;0,000376
MergeSort;2100;56904;50606;0,000379
MergeSort;2100;56904;50606;0,000371
MergeSort;2100;56904;50606;0,000386
MergeSort;2100;56904;50606;0,000373
MergeSort;2100;56904;50606;0,000367
MergeSort;2100;56904;50606;0,000377
MergeSort;2100;56904;50606;0,000378
MergeSort;2100;56904;50606;0,000381
MergeSort;2100;56904;50606;0,000382
MergeSort;2200;60004;53406;0,000589
MergeSort;2200;60004;53406;0,000642
MergeSort;2200;60004;53406;0,000646
MergeSort;2200;60004;53406;0,000408
MergeSort;2200;60004;53406;0,000468
MergeSort;2200;60004;53406;0,000626
MergeSort;2200;60004;53406;0,000507
MergeSort;2200;60004;53406;0,000407
MergeSort;2200;60004;53406;0,00049
MergeSort;2200;60004;53406;0,000677
MergeSort;2300;63104;56206;0,000657
MergeSort;2300;63104;56206;0,000417
MergeSort;2300;63104;56206;0,00041
MergeSort;2300;63104;56206;0,000424
MergeSort;2300;63104;56206;0,000415
MergeSort;2300;63104;56206;0,000413
MergeSort;2300;63104;56206;0,000409
MergeSort;2300;63104;56206;0,000523
MergeSort;2300;63104;56206;0,000414
MergeSort;2300;63104;56206;0,000414
MergeSort;2400;66204;59006;0,000477
MergeSort;2400;66204;59006;0,000444
MergeSort;2400;66204;59006;0,00044
MergeSort;2400;66204;59006;0,000432
MergeSort;2400;66204;59006;0,000455
MergeSort;2400;66204;59006;0,000437
MergeSort;2400;66204;59006;0,000437
MergeSort;2400;66204;59006;0,000428
MergeSort;2400;66204;59006;0,00046
MergeSort;2400;66204;59006;0,000443
MergeSort;2500;69304;61806;0,000486
MergeSort;2500;69304;61806;0,00049
MergeSort;2500;69304;61806;0,000447
MergeSort;2500;69304;61806;0,000458
MergeSort;2500;69304;61806;0,000451
MergeSort;2500;69304;61806;0,000445
MergeSort;2500;69304;61806;0,000443
MergeSort;2500;69304;61806;0,000452
MergeSort;2500;69304;61806;0,000447
MergeSort;2500;69304;61806;0,000446
MergeSort;2600;72404;64606;0,000485
MergeSort;2600;72404;64606;0,000466
MergeSort;2600;72404;64606;0,000467
MergeSort;2600;72404;64606;0,000492
MergeSort;2600;72404;64606;0,000471
MergeSort;2600;72404;64606;0,000487
MergeSort;2600;72404;64606;0,000478
MergeSort;2600;72404;64606;0,000478
MergeSort;2600;72404;64606;0,000473
MergeSort;2600;72404;64606;0,00048
MergeSort;2700;75504;67406;0,000514
MergeSort;2700;75504;67406;0,000502
MergeSort;2700;75504;67406;0,000529
MergeSort;2700;75504;67406;0,000525
MergeSort;2700;75504;67406;0,000498
MergeSort;2700;75504;67406;0,000499
MergeSort;2700;75504;67406;0,00052
MergeSort;2700;75504;67406;0,000511
MergeSort;2700;75504;67406;0,000503
MergeSort;2700;75504;67406;0,000493
MergeSort;2800;78604;70206;0,000513
MergeSort;2800;78604;70206;0,000521
MergeSort;2800;78604;70206;0,000517
MergeSort;2800;78604;70206;0,000507
MergeSort;2800;78604;70206;0,000512
MergeSort;2800;78604;70206;0,00051
MergeSort;2800;78604;70206;0,000518
MergeSort;2800;78604;70206;0,000517
MergeSort;2800;78604;70206;0,000522
MergeSort;2800;78604;70206;0,000521
MergeSort;2900;81704;73006;0,000561
MergeSort;2900;81704;73006;0,000891
MergeSort;2900;81704;73006;0,000548
MergeSort;2900;81704;73006;0,000571
MergeSort;2900;81704;73006;0,000793
MergeSort;2900;81704;73006;0,000568
MergeSort;2900;81704;73006;0,00054
MergeSort;2900;81704;73006;0,000572
MergeSort;2900;81704;73006;0,000547
MergeSort;2900;81704;73006;0,000539
MergeSort;3000;84804;75806;0,000562
MergeSort;3000;84804;75806;0,000559
MergeSort;3000;84804;75806;0,000559
MergeSort;3000;84804;75806;0,000583
MergeSort;3000;84804;75806;0,000655
MergeSort;3000;84804;75806;0,000952
MergeSort;3000;84804;75806;0,000873
MergeSort;3000;84804;75806;0,000791
MergeSort;3000;84804;75806;0,000595
MergeSort;3000;84804;75806;0,000588
MergeSort;3100;87904;78606;0,001699
MergeSort;3100;87904;78606;0,000475
MergeSort;3100;87904;78606;0,000473
MergeSort;3100;87904;78606;0,000507
MergeSort;3100;87904;78606;0,000568
MergeSort;3100;87904;78606;0,00059
MergeSort;3100;87904;78606;0,000581
MergeSort;3100;87904;78606;0,000514
MergeSort;3100;87904;78606;0,00047
MergeSort;3100;87904;78606;0,00048
MergeSort;3200;91004;81406;0,000504
MergeSort;3200;91004;81406;0,000499
MergeSort;3200;91004;81406;0,000498
MergeSort;3200;91004;81406;0,000499
MergeSort;3200;91004;81406;0,000495
MergeSort;3200;91004;81406;0,000498
MergeSort;3200;91004;81406;0,000502
MergeSort;3200;91004;81406;0,000494
MergeSort;3200;91004;81406;0,000501
MergeSort;3200;91004;81406;0,000499
MergeSort;3300;94104;84206;0,000511
MergeSort;3300;94104;84206;0,000513
MergeSort;3300;94104;84206;0,000516
MergeSort;3300;94104;84206;0,000514
MergeSort;3300;94104;84206;0,000514
MergeSort;3300;94104;84206;0,000512
MergeSort;3300;94104;84206;0,000516
MergeSort;3300;94104;84206;0,000515
MergeSort;3300;94104;84206;0,000509
MergeSort;3300;94104;84206;0,000519
MergeSort;3400;97204;87006;0,000538
MergeSort;3400;97204;87006;0,000534
MergeSort;3400;97204;87006;0,000538
MergeSort;3400;97204;87006;0,000536
MergeSort;3400;97204;87006;0,000536
MergeSort;3400;97204;87006;0,000536
MergeSort;3400;97204;87006;0,000533
MergeSort;3400;97204;87006;0,000534
MergeSort;3400;97204;87006;0,000536
MergeSort;3400;97204;87006;0,000537
MergeSort;3500;100304;89806;0,000558
MergeSort;3500;100304;89806;0,00056
MergeSort;3500;100304;89806;0,000551
MergeSort;3500;100304;89806;0,000557
MergeSort;3500;100304;89806;0,000557
MergeSort;3500;100304;89806;0,000554
MergeSort;3500;100304;89806;0,000598
MergeSort;3500;100304;89806;0,000573
MergeSort;3500;100304;89806;0,00055
MergeSort;3500;100304;89806;0,000553
MergeSort;3600;103404;92606;0,000578
MergeSort;3600;103404;92606;0,000573
MergeSort;3600;103404;92606;0,000572
MergeSort;3600;103404;92606;0,000577
MergeSort;3600;103404;92606;0,00057
MergeSort;3600;103404;92606;0,000569
MergeSort;3600;103404;92606;0,000588
MergeSort;3600;103404;92606;0,000565
MergeSort;3600;103404;92606;0,000569
MergeSort;3600;103404;92606;0,000568
MergeSort;3700;106504;95406;0,000588
MergeSort;3700;106504;95406;0,000585
MergeSort;3700;106504;95406;0,000585
MergeSort;3700;106504;95406;0,000583
MergeSort;3700;106504;95406;0,000583
MergeSort;3700;106504;95406;0,000588
MergeSort;3700;106504;95406;0,000581
MergeSort;3700;106504;95406;0,000588
MergeSort;3700;106504;95406;0,000585
MergeSort;3700;106504;95406;0,000581
MergeSort;3800;109604;98206;0,000603
MergeSort;3800;109604;98206;0,000602
MergeSort;3800;109604;98206;0,000602
MergeSort;3800;109604;98206;0,0006
MergeSort;3800;109604;98206;0,00061
MergeSort;3800;109604;98206;0,000602
MergeSort;3800;109604;98206;0,000604
MergeSort;3800;109604;98206;0,000603
MergeSort;3800;109604;98206;0,0006
MergeSort;3800;109604;98206;0,000596
MergeSort;3900;112704;101006;0,00062
MergeSort;3900;112704;101006;0,000615
MergeSort;3900;112704;101006;0,000625
MergeSort;3900;112704;101006;0,000616
MergeSort;3900;112704;101006;0,000615
MergeSort;3900;112704;101006;0,000625
MergeSort;3900;112704;101006;0,000617
MergeSort;3900;112704;101006;0,000613
MergeSort;3900;112704;101006;0,000619
MergeSort;3900;112704;101006;0,000618
MergeSort;4000;115804;103806;0,000642
MergeSort;4000;115804;103806;0,000632
MergeSort;4000;115804;103806;0,000639
MergeSort;4000;115804;103806;0,000639
MergeSort;4000;115804;103806;0,00063
MergeSort;4000;115804;103806;0,00063
MergeSort;4000;115804;103806;0,000634
MergeSort;4000;115804;103806;0,000631
MergeSort;4000;115804;103806;0,000635
MergeSort;4000;115804;103806;0,000632
MergeSort;4100;118912;106614;0,000653
MergeSort;4100;118912;106614;0,000648
MergeSort;4100;118912;106614;0,000645
MergeSort;4100;118912;106614;0,000649
MergeSort;4100;118912;106614;0,000644
MergeSort;4100;118912;106614;0,000651
MergeSort;4100;118912;106614;0,000649
MergeSort;4100;118912;106614;0,000665
MergeSort;4100;118912;106614;0,000653
MergeSort;4100;118912;106614;0,00066
MergeSort;4200;122212;109614;0,000684
MergeSort;4200;122212;109614;0,000676
MergeSort;4200;122212;109614;0,000683
MergeSort;4200;122212;109614;0,000681
MergeSort;4200;122212;109614;0,000679
MergeSort;4200;122212;109614;0,000941
MergeSort;4200;122212;109614;0,000988
MergeSort;4200;122212;109614;0,000799
MergeSort;4200;122212;109614;0,000795
MergeSort;4200;122212;109614;0,000681
MergeSort;4300;125512;112614;0,000709
MergeSort;4300;125512;112614;0,000709
MergeSort;4300;125512;112614;0,00069
MergeSort;4300;125512;112614;0,000682
MergeSort;4300;125512;112614;0,000688
MergeSort;4300;125512;112614;0,0007
MergeSort;4300;125512;112614;0,000692
MergeSort;4300;125512;112614;0,00069
MergeSort;4300;125512;112614;0,000686
MergeSort;4300;125512;112614;0,000813
MergeSort;4400;128812;115614;0,000985
MergeSort;4400;128812;115614;0,000711
MergeSort;4400;128812;115614;0,000718
MergeSort;4400;128812;115614;0,000756
MergeSort;4400;128812;115614;0,000709
MergeSort;4400;128812;115614;0,002063
MergeSort;4400;128812;115614;0,001134
MergeSort;4400;128812;115614;0,000963
MergeSort;4400;128812;115614;0,000848
MergeSort;4400;128812;115614;0,000765
MergeSort;4500;132112;118614;0,000739
MergeSort;4500;132112;118614;0,000737
MergeSort;4500;132112;118614;0,000738
MergeSort;4500;132112;118614;0,000735
MergeSort;4500;132112;118614;0,000734
MergeSort;4500;132112;118614;0,000723
MergeSort;4500;132112;118614;0,000724
MergeSort;4500;132112;118614;0,000745
MergeSort;4500;132112;118614;0,000727
MergeSort;4500;132112;118614;0,000744
MergeSort;4600;135412;121614;0,000752
MergeSort;4600;135412;121614;0,000752
MergeSort;4600;135412;121614;0,000745
MergeSort;4600;135412;121614;0,000744
MergeSort;4600;135412;121614;0,000766
MergeSort;4600;135412;121614;0,00075
MergeSort;4600;135412;121614;0,00076
MergeSort;4600;135412;121614;0,000739
MergeSort;4600;135412;121614;0,000737
MergeSort;4600;135412;121614;0,000751
MergeSort;4700;138712;124614;0,000799
MergeSort;4700;138712;124614;0,000756
MergeSort;4700;138712;124614;0,000757
MergeSort;4700;138712;124614;0,000773
MergeSort;4700;138712;124614;0,000765
MergeSort;4700;138712;124614;0,000771
MergeSort;4700;138712;124614;0,000761
MergeSort;4700;138712;124614;0,000754
MergeSort;4700;138712;124614;0,000771
MergeSort;4700;138712;124614;0,000768
MergeSort;4800;142012;127614;0,000816
MergeSort;4800;142012;127614;0,000801
MergeSort;4800;142012;127614;0,000786
MergeSort;4800;142012;127614;0,000784
MergeSort;4800;142012;127614;0,000856
MergeSort;4800;142012;127614;0,000779
MergeSort;4800;142012;127614;0,000778
MergeSort;4800;142012;127614;0,00078
MergeSort;4800;142012;127614;0,000788
MergeSort;4800;142012;127614;0,000788
MergeSort;4900;145312;130614;0,000806
MergeSort;4900;145312;130614;0,000795
MergeSort;4900;145312;130614;0,000795
MergeSort;4900;145312;130614;0,000799
MergeSort;4900;145312;130614;0,000798
MergeSort;4900;145312;130614;0,000811
MergeSort;4900;145312;130614;0,000793
MergeSort;4900;145312;130614;0,000805
MergeSort;4900;145312;130614;0,000793
MergeSort;4900;145312;130614;0,000805
MergeSort;5000;148612;133614;0,000824
MergeSort;5000;148612;133614;0,000807
MergeSort;5000;148612;133614;0,000808
MergeSort;5000;148612;133614;0,000808
MergeSort;5000;148612;133614;0,000807
MergeSort;5000;148612;133614;0,000814
MergeSort;5000;148612;133614;0,000815
MergeSort;5000;148612;133614;0,000807
MergeSort;5000;148612;133614;0,000812
MergeSort;5000;148612;133614;0,000816
MergeSort;5100;151912;136614;0,000839
MergeSort;5100;151912;136614;0,000834
MergeSort;5100;151912;136614;0,00082
MergeSort;5100;151912;136614;0,00084
MergeSort;5100;151912;136614;0,000845
MergeSort;5100;151912;136614;0,000871
MergeSort;5100;151912;136614;0,001064
MergeSort;5100;151912;136614;0,001328
MergeSort;5100;151912;136614;0,000833
MergeSort;5100;151912;136614;0,000843
MergeSort;5200;155212;139614;0,001378
MergeSort;5200;155212;139614;0,001053
MergeSort;5200;155212;139614;0,001397
MergeSort;5200;155212;139614;0,001325
MergeSort;5200;155212;139614;0,001346
MergeSort;5200;155212;139614;0,001344
MergeSort;5200;155212;139614;0,001402
MergeSort;5200;155212;139614;0,000892
MergeSort;5200;155212;139614;0,000848
MergeSort;5200;155212;139614;0,00111
MergeSort;5300;158512;142614;0,000889
MergeSort;5300;158512;142614;0,00088
MergeSort;5300;158512;142614;0,000863
MergeSort;5300;158512;142614;0,00086
MergeSort;5300;158512;142614;0,000866
MergeSort;5300;158512;142614;0,000896
MergeSort;5300;158512;142614;0,000867
MergeSort;5300;158512;142614;0,000864
MergeSort;5300;158512;142614;0,00086
MergeSort;5300;158512;142614;0,000868
MergeSort;5400;161812;145614;0,000919
MergeSort;5400;161812;145614;0,000914
MergeSort;5400;161812;145614;0,000895
MergeSort;5400;161812;145614;0,000872
MergeSort;5400;161812;145614;0,00088
MergeSort;5400;161812;145614;0,000876
MergeSort;5400;161812;145614;0,000916
MergeSort;5400;161812;145614;0,00193
MergeSort;5400;161812;145614;0,00088
MergeSort;5400;161812;145614;0,001031
MergeSort;5500;165112;148614;0,000942
MergeSort;5500;165112;148614;0,000943
MergeSort;5500;165112;148614;0,000911
MergeSort;5500;165112;148614;0,000904
MergeSort;5500;165112;148614;0,000919
MergeSort;5500;165112;148614;0,000902
MergeSort;5500;165112;148614;0,00091
MergeSort;5500;165112;148614;0,000915
MergeSort;5500;165112;148614;0,00091
MergeSort;5500;165112;148614;0,000952
MergeSort;5600;168412;151614;0,000957
MergeSort;5600;168412;151614;0,000945
MergeSort;5600;168412;151614;0,000934
MergeSort;5600;168412;151614;0,000921
MergeSort;5600;168412;151614;0,000919
MergeSort;5600;168412;151614;0,00092
MergeSort;5600;168412;151614;0,000931
MergeSort;5600;168412;151614;0,000925
MergeSort;5600;168412;151614;0,000939
MergeSort;5600;168412;151614;0,000934
MergeSort;5700;171712;154614;0,001558
MergeSort;5700;171712;154614;0,001543
MergeSort;5700;171712;154614;0,001457
MergeSort;5700;171712;154614;0,001472
MergeSort;5700;171712;154614;0,001447
MergeSort;5700;171712;154614;0,001587
MergeSort;5700;171712;154614;0,001488
MergeSort;5700;171712;154614;0,001468
MergeSort;5700;171712;154614;0,001467
MergeSort;5700;171712;154614;0,001449
MergeSort;5800;175012;157614;0,001492
MergeSort;5800;175012;157614;0,001537
MergeSort;5800;175012;157614;0,001458
MergeSort;5800;175012;157614;0,001394
MergeSort;5800;175012;157614;0,001184
MergeSort;5800;175012;157614;0,000968
MergeSort;5800;175012;157614;0,000964
MergeSort;5800;175012;157614;0,000947
MergeSort;5800;175012;157614;0,000955
MergeSort;5800;175012;157614;0,000971
MergeSort;5900;178312;160614;0,000995
MergeSort;5900;178312;160614;0,000981
MergeSort;5900;178312;160614;0,000973
MergeSort;5900;178312;160614;0,000984
MergeSort;5900;178312;160614;0,000979
MergeSort;5900;178312;160614;0,000993
MergeSort;5900;178312;160614;0,000973
MergeSort;5900;178312;160614;0,001016
MergeSort;5900;178312;160614;0,000998
MergeSort;5900;178312;160614;0,000976
MergeSort;6000;181612;163614;0,001039
MergeSort;6000;181612;163614;0,000985
MergeSort;6000;181612;163614;0,000997
MergeSort;6000;181612;163614;0,001002
MergeSort;6000;181612;163614;0,000994
MergeSort;6000;181612;163614;0,000983
MergeSort;6000;181612;163614;0,000979
MergeSort;6000;181612;163614;0,00098
MergeSort;6000;181612;163614;0,000982
MergeSort;6000;181612;163614;0,000994
MergeSort;6100;184912;166614;0,001016
MergeSort;6100;184912;166614;0,001005
MergeSort;6100;184912;166614;0,001003
MergeSort;6100;184912;166614;0,001556
MergeSort;6100;184912;166614;0,001557
MergeSort;6100;184912;166614;0,00158
MergeSort;6100;184912;166614;0,001572
MergeSort;6100;184912;166614;0,001587
MergeSort;6100;184912;166614;0,001571
MergeSort;6100;184912;166614;0,001622
MergeSort;6200;188212;169614;0,001617
MergeSort;6200;188212;169614;0,001609
MergeSort;6200;188212;169614;0,001599
MergeSort;6200;188212;169614;0,001029
MergeSort;6200;188212;169614;0,001022
MergeSort;6200;188212;169614;0,001016
MergeSort;6200;188212;169614;0,001016
MergeSort;6200;188212;169614;0,001028
MergeSort;6200;188212;169614;0,001034
MergeSort;6200;188212;169614;0,001035
MergeSort;6300;191512;172614;0,001044
MergeSort;6300;191512;172614;0,001034
MergeSort;6300;191512;172614;0,001039
MergeSort;6300;191512;172614;0,001037
MergeSort;6300;191512;172614;0,002
MergeSort;6300;191512;172614;0,001021
MergeSort;6300;191512;172614;0,001031
MergeSort;6300;191512;172614;0,001038
MergeSort;6300;191512;172614;0,00103
MergeSort;6300;191512;172614;0,001026
MergeSort;6400;194812;175614;0,001065
MergeSort;6400;194812;175614;0,001053
MergeSort;6400;194812;175614;0,001062
MergeSort;6400;194812;175614;0,001064
MergeSort;6400;194812;175614;0,001066
MergeSort;6400;194812;175614;0,001074
MergeSort;6400;194812;175614;0,001074
MergeSort;6400;194812;175614;0,001067
MergeSort;6400;194812;175614;0,001107
MergeSort;6400;194812;175614;0,001071
MergeSort;6500;198112;178614;0,001157
MergeSort;6500;198112;178614;0,001104
MergeSort;6500;198112;178614;0,001175
MergeSort;6500;198112;178614;0,001125
MergeSort;6500;198112;178614;0,001267
MergeSort;6500;198112;178614;0,001144
MergeSort;6500;198112;178614;0,001108
MergeSort;6500;198112;178614;0,001084
MergeSort;6500;198112;178614;0,001086
MergeSort;6500;198112;178614;0,001095
MergeSort;6600;201412;181614;0,00114
MergeSort;6600;201412;181614;0,001101
MergeSort;6600;201412;181614;0,001107
MergeSort;6600;201412;181614;0,001112
MergeSort;6600;201412;181614;0,001112
MergeSort;6600;201412;181614;0,001166
MergeSort;6600;201412;181614;0,001131
MergeSort;6600;201412;181614;0,001123
MergeSort;6600;201412;181614;0,001108
MergeSort;6600;201412;181614;0,001112
MergeSort;6700;204712;184614;0,001129
MergeSort;6700;204712;184614;0,001144
MergeSort;6700;204712;184614;0,001116
MergeSort;6700;204712;184614;0,001161
MergeSort;6700;204712;184614;0,001133
MergeSort;6700;204712;184614;0,00112
MergeSort;6700;204712;184614;0,001117
MergeSort;6700;204712;184614;0,001145
MergeSort;6700;204712;184614;0,001163
MergeSort;6700;204712;184614;0,001159
MergeSort;6800;208012;187614;0,001157
MergeSort;6800;208012;187614;0,00118
MergeSort;6800;208012;187614;0,00115
MergeSort;6800;208012;187614;0,001148
MergeSort;6800;208012;187614;0,001147
MergeSort;6800;208012;187614;0,00113
MergeSort;6800;208012;187614;0,001167
MergeSort;6800;208012;187614;0,001172
MergeSort;6800;208012;187614;0,001152
MergeSort;6800;208012;187614;0,001148
MergeSort;6900;211312;190614;0,001165
MergeSort;6900;211312;190614;0,00117
MergeSort;6900;211312;190614;0,001223
MergeSort;6900;211312;190614;0,001178
MergeSort;6900;211312;190614;0,001154
MergeSort;6900;211312;190614;0,001154
MergeSort;6900;211312;190614;0,001155
MergeSort;6900;211312;190614;0,001157
MergeSort;6900;211312;190614;0,001167
MergeSort;6900;211312;190614;0,001156
MergeSort;7000;214612;193614;0,001183
MergeSort;7000;214612;193614;0,001244
MergeSort;7000;214612;193614;0,0012
MergeSort;7000;214612;193614;0,001205
MergeSort;7000;214612;193614;0,001197
MergeSort;7000;214612;193614;0,001191
MergeSort;7000;214612;193614;0,001227
MergeSort;7000;214612;193614;0,001197
MergeSort;7000;214612;193614;0,00121
MergeSort;7000;214612;193614;0,001245
MergeSort;7100;217912;196614;0,002746
MergeSort;7100;217912;196614;0,001171
MergeSort;7100;217912;196614;0,00121
MergeSort;7100;217912;196614;0,001283
MergeSort;7100;217912;196614;0,001163
MergeSort;7100;217912;196614;0,00117
MergeSort;7100;217912;196614;0,001172
MergeSort;7100;217912;196614;0,001287
MergeSort;7100;217912;196614;0,001212
MergeSort;7100;217912;196614;0,001207
MergeSort;7200;221212;199614;0,001257
MergeSort;7200;221212;199614;0,001248
MergeSort;7200;221212;199614;0,001234
MergeSort;7200;221212;199614;0,001209
MergeSort;7200;221212;199614;0,001865
MergeSort;7200;221212;199614;0,001865
MergeSort;7200;221212;199614;0,002078
MergeSort;7200;221212;199614;0,002016
MergeSort;7200;221212;199614;0,001414
MergeSort;7200;221212;199614;0,002161
MergeSort;7300;224512;202614;0,002148
MergeSort;7300;224512;202614;0,001648
MergeSort;7300;224512;202614;0,001257
MergeSort;7300;224512;202614;0,001246
MergeSort;7300;224512;202614;0,001245
MergeSort;7300;224512;202614;0,001553
MergeSort;7300;224512;202614;0,001983
MergeSort;7300;224512;202614;0,00196
MergeSort;7300;224512;202614;0,002025
MergeSort;7300;224512;202614;0,002008
MergeSort;7400;227812;205614;0,001819
MergeSort;7400;227812;205614;0,00194
MergeSort;7400;227812;205614;0,00126
MergeSort;7400;227812;205614;0,001289
MergeSort;7400;227812;205614;0,001263
MergeSort;7400;227812;205614;0,001782
MergeSort;7400;227812;205614;0,002137
MergeSort;7400;227812;205614;0,002115
MergeSort;7400;227812;205614;0,002162
MergeSort;7400;227812;205614;0,001847
MergeSort;7500;231112;208614;0,001692
MergeSort;7500;231112;208614;0,001621
MergeSort;7500;231112;208614;0,001323
MergeSort;7500;231112;208614;0,001347
MergeSort;7500;231112;208614;0,001263
MergeSort;7500;231112;208614;0,001447
MergeSort;7500;231112;208614;0,001741
MergeSort;7500;231112;208614;0,001301
MergeSort;7500;231112;208614;0,001343
MergeSort;7500;231112;208614;0,00131
MergeSort;7600;234412;211614;0,001356
MergeSort;7600;234412;211614;0,001396
MergeSort;7600;234412;211614;0,001511
MergeSort;7600;234412;211614;0,001979
MergeSort;7600;234412;211614;0,001778
MergeSort;7600;234412;211614;0,001327
MergeSort;7600;234412;211614;0,001383
MergeSort;7600;234412;211614;0,001307
MergeSort;7600;234412;211614;0,001352
MergeSort;7600;234412;211614;0,001864
MergeSort;7700;237712;214614;0,002097
MergeSort;7700;237712;214614;0,002138
MergeSort;7700;237712;214614;0,002264
MergeSort;7700;237712;214614;0,002096
MergeSort;7700;237712;214614;0,002157
MergeSort;7700;237712;214614;0,002084
MergeSort;7700;237712;214614;0,002183
MergeSort;7700;237712;214614;0,002082
MergeSort;7700;237712;214614;0,003053
MergeSort;7700;237712;214614;0,001294
MergeSort;7800;241012;217614;0,001385
MergeSort;7800;241012;217614;0,001375
MergeSort;7800;241012;217614;0,002101
MergeSort;7800;241012;217614;0,002119
MergeSort;7800;241012;217614;0,001887
MergeSort;7800;241012;217614;0,00137
MergeSort;7800;241012;217614;0,001383
MergeSort;7800;241012;217614;0,001372
MergeSort;7800;241012;217614;0,001609
MergeSort;7800;241012;217614;0,001483
MergeSort;7900;244312;220614;0,002274
MergeSort;7900;244312;220614;0,002097
MergeSort;7900;244312;220614;0,002116
MergeSort;7900;244312;220614;0,00216
MergeSort;7900;244312;220614;0,00217
MergeSort;7900;244312;220614;0,002172
MergeSort;7900;244312;220614;0,00224
MergeSort;7900;244312;220614;0,002237
MergeSort;7900;244312;220614;0,002207
MergeSort;7900;244312;220614;0,002241
MergeSort;8000;247612;223614;0,001809
MergeSort;8000;247612;223614;0,001448
MergeSort;8000;247612;223614;0,001455
MergeSort;8000;247612;223614;0,001493
MergeSort;8000;247612;223614;0,002746
MergeSort;8000;247612;223614;0,001442
MergeSort;8000;247612;223614;0,002771
MergeSort;8000;247612;223614;0,001956
MergeSort;8000;247612;223614;0,00144
MergeSort;8000;247612;223614;0,001706
MergeSort;8100;250912;226614;0,001429
MergeSort;8100;250912;226614;0,001439
MergeSort;8100;250912;226614;0,001577
MergeSort;8100;250912;226614;0,001576
MergeSort;8100;250912;226614;0,002245
MergeSort;8100;250912;226614;0,002181
MergeSort;8100;250912;226614;0,00228
MergeSort;8100;250912;226614;0,001694
MergeSort;8100;250912;226614;0,001421
MergeSort;8100;250912;226614;0,001385
MergeSort;8200;254228;229630;0,001486
MergeSort;8200;254228;229630;0,001399
MergeSort;8200;254228;229630;0,002184
MergeSort;8200;254228;229630;0,002157
MergeSort;8200;254228;229630;0,002246
MergeSort;8200;254228;229630;0,002231
MergeSort;8200;254228;229630;0,002186
MergeSort;8200;254228;229630;0,002063
MergeSort;8200;254228;229630;0,002142
MergeSort;8200;254228;229630;0,00211
MergeSort;8300;257728;232830;0,0018
MergeSort;8300;257728;232830;0,001427
MergeSort;8300;257728;232830;0,001434
MergeSort;8300;257728;232830;0,001588
MergeSort;8300;257728;232830;0,001457
MergeSort;8300;257728;232830;0,001501
MergeSort;8300;257728;232830;0,001421
MergeSort;8300;257728;232830;0,002463
MergeSort;8300;257728;232830;0,001389
MergeSort;8300;257728;232830;0,001375
MergeSort;8400;261228;236030;0,001423
MergeSort;8400;261228;236030;0,001409
MergeSort;8400;261228;236030;0,001414
MergeSort;8400;261228;236030;0,001566
MergeSort;8400;261228;236030;0,00148
MergeSort;8400;261228;236030;0,002147
MergeSort;8400;261228;236030;0,001583
MergeSort;8400;261228;236030;0,001446
MergeSort;8400;261228;236030;0,003168
MergeSort;8400;261228;236030;0,00208
MergeSort;8500;264728;239230;0,00148
MergeSort;8500;264728;239230;0,001482
MergeSort;8500;264728;239230;0,001472
MergeSort;8500;264728;239230;0,001791
MergeSort;8500;264728;239230;0,002421
MergeSort;8500;264728;239230;0,002257
MergeSort;8500;264728;239230;0,002266
MergeSort;8500;264728;239230;0,002231
MergeSort;8500;264728;239230;0,002255
MergeSort;8500;264728;239230;0,00227
MergeSort;8600;268228;242430;0,002315
MergeSort;8600;268228;242430;0,002289
MergeSort;8600;268228;242430;0,002327
MergeSort;8600;268228;242430;0,002256
MergeSort;8600;268228;242430;0,002139
MergeSort;8600;268228;242430;0,001479
MergeSort;8600;268228;242430;0,00169
MergeSort;8600;268228;242430;0,001526
MergeSort;8600;268228;242430;0,00149
MergeSort;8600;268228;242430;0,001496
MergeSort;8700;271728;245630;0,00151
MergeSort;8700;271728;245630;0,001579
MergeSort;8700;271728;245630;0,001485
MergeSort;8700;271728;245630;0,001471
MergeSort;8700;271728;245630;0,001474
MergeSort;8700;271728;245630;0,001476
MergeSort;8700;271728;245630;0,0015
MergeSort;8700;271728;245630;0,001494
MergeSort;8700;271728;245630;0,001553
MergeSort;8700;271728;245630;0,001493
MergeSort;8800;275228;248830;0,002433
MergeSort;8800;275228;248830;0,002485
MergeSort;8800;275228;248830;0,001835
MergeSort;8800;275228;248830;0,00152
MergeSort;8800;275228;248830;0,001527
MergeSort;8800;275228;248830;0,001532
MergeSort;8800;275228;248830;0,001507
MergeSort;8800;275228;248830;0,00157
MergeSort;8800;275228;248830;0,001607
MergeSort;8800;275228;248830;0,002452
MergeSort;8900;278728;252030;0,002494
MergeSort;8900;278728;252030;0,002458
MergeSort;8900;278728;252030;0,00268
MergeSort;8900;278728;252030;0,001491
MergeSort;8900;278728;252030;0,001515
MergeSort;8900;278728;252030;0,001481
MergeSort;8900;278728;252030;0,001504
MergeSort;8900;278728;252030;0,001501
MergeSort;8900;278728;252030;0,001551
MergeSort;8900;278728;252030;0,0015
MergeSort;9000;282228;255230;0,001573
MergeSort;9000;282228;255230;0,001541
MergeSort;9000;282228;255230;0,001554
MergeSort;9000;282228;255230;0,00154
MergeSort;9000;282228;255230;0,001557
MergeSort;9000;282228;255230;0,001566
MergeSort;9000;282228;255230;0,001572
MergeSort;9000;282228;255230;0,00155
MergeSort;9000;282228;255230;0,001527
MergeSort;9000;282228;255230;0,001553
MergeSort;9100;285728;258430;0,001607
MergeSort;9100;285728;258430;0,001567
MergeSort;9100;285728;258430;0,001586
MergeSort;9100;285728;258430;0,001615
MergeSort;9100;285728;258430;0,001609
MergeSort;9100;285728;258430;0,00156
MergeSort;9100;285728;258430;0,001546
MergeSort;9100;285728;258430;0,001549
MergeSort;9100;285728;258430;0,001616
MergeSort;9100;285728;258430;0,001673
MergeSort;9200;289228;261630;0,001733
MergeSort;9200;289228;261630;0,001579
MergeSort;9200;289228;261630;0,001592
MergeSort;9200;289228;261630;0,001572
MergeSort;9200;289228;261630;0,001581
MergeSort;9200;289228;261630;0,001573
MergeSort;9200;289228;261630;0,00157
MergeSort;9200;289228;261630;0,001611
MergeSort;9200;289228;261630;0,001584
MergeSort;9200;289228;261630;0,001568
MergeSort;9300;292728;264830;0,001671
MergeSort;9300;292728;264830;0,001598
MergeSort;9300;292728;264830;0,001576
MergeSort;9300;292728;264830;0,001594
MergeSort;9300;292728;264830;0,001648
MergeSort;9300;292728;264830;0,001606
MergeSort;9300;292728;264830;0,001604
MergeSort;9300;292728;264830;0,001635
MergeSort;9300;292728;264830;0,001656
MergeSort;9300;292728;264830;0,002497
MergeSort;9400;296228;268030;0,002759
MergeSort;9400;296228;268030;0,002489
MergeSort;9400;296228;268030;0,002488
MergeSort;9400;296228;268030;0,002483
MergeSort;9400;296228;268030;0,001575
MergeSort;9400;296228;268030;0,001578
MergeSort;9400;296228;268030;0,001575
MergeSort;9400;296228;268030;0,001577
MergeSort;9400;296228;268030;0,001572
MergeSort;9400;296228;268030;0,001573
MergeSort;9500;299728;271230;0,001669
MergeSort;9500;299728;271230;0,00163
MergeSort;9500;299728;271230;0,001655
MergeSort;9500;299728;271230;0,001625
MergeSort;9500;299728;271230;0,00252
MergeSort;9500;299728;271230;0,001645
MergeSort;9500;299728;271230;0,001649
MergeSort;9500;299728;271230;0,001626
MergeSort;9500;299728;271230;0,001686
MergeSort;9500;299728;271230;0,001628
MergeSort;9600;303228;274430;0,001665
MergeSort;9600;303228;274430;0,00165
MergeSort;9600;303228;274430;0,001671
MergeSort;9600;303228;274430;0,001659
MergeSort;9600;303228;274430;0,001671
MergeSort;9600;303228;274430;0,001657
MergeSort;9600;303228;274430;0,001667
MergeSort;9600;303228;274430;0,001667
MergeSort;9600;303228;274430;0,001644
MergeSort;9600;303228;274430;0,001649
MergeSort;9700;306728;277630;0,001689
MergeSort;9700;306728;277630;0,001691
MergeSort;9700;306728;277630;0,001696
MergeSort;9700;306728;277630;0,001705
MergeSort;9700;306728;277630;0,001707
MergeSort;9700;306728;277630;0,001669
MergeSort;9700;306728;277630;0,001681
MergeSort;9700;306728;277630;0,002731
MergeSort;9700;306728;277630;0,002774
MergeSort;9700;306728;277630;0,002551
MergeSort;9800;310228;280830;0,002621
MergeSort;9800;310228;280830;0,002614
MergeSort;9800;310228;280830;0,002993
MergeSort;9800;310228;280830;0,002104
MergeSort;9800;310228;280830;0,001684
MergeSort;9800;310228;280830;0,001696
MergeSort;9800;310228;280830;0,001727
MergeSort;9800;310228;280830;0,001815
MergeSort;9800;310228;280830;0,0017
MergeSort;9800;310228;280830;0,001685
MergeSort;9900;313728;284030;0,002436
MergeSort;9900;313728;284030;0,001654
MergeSort;9900;313728;284030;0,001664
MergeSort;9900;313728;284030;0,001648
MergeSort;9900;313728;284030;0,00167
MergeSort;9900;313728;284030;0,001661
MergeSort;9900;313728;284030;0,00166
MergeSort;9900;313728;284030;0,001648
MergeSort;9900;313728;284030;0,001666
MergeSort;9900;313728;284030;0,001685
MergeSort;10000;317228;287230;0,001737
MergeSort;10000;317228;287230;0,001723
MergeSort;10000;317228;287230;0,001739
MergeSort;10000;317228;287230;0,001726
MergeSort;10000;317228;287230;0,001741
MergeSort;10000;317228;287230;0,001732
MergeSort;10000;317228;287230;0,001722
MergeSort;10000;317228;287230;0,001729
MergeSort;10000;317228;287230;0,001842
MergeSort;10000;317228;287230;0,001738
