InsertionSort;100;5619;2809;0,0002
InsertionSort;100;5619;2809;0,000205
InsertionSort;100;5619;2809;0,000187
InsertionSort;100;5619;2809;0,000188
InsertionSort;100;5619;2809;0,000183
InsertionSort;100;5619;2809;0,000184
InsertionSort;100;5619;2809;0,000182
InsertionSort;100;5619;2809;0,000182
InsertionSort;100;5619;2809;0,000182
InsertionSort;100;5619;2809;0,000182
InsertionSort;200;21935;10967;0,000701
InsertionSort;200;21935;10967;0,0007
InsertionSort;200;21935;10967;0,000712
InsertionSort;200;21935;10967;0,000469
InsertionSort;200;21935;10967;0,000158
InsertionSort;200;21935;10967;0,000174
InsertionSort;200;21935;10967;0,000152
InsertionSort;200;21935;10967;0,000141
InsertionSort;200;21935;10967;0,000218
InsertionSort;200;21935;10967;0,000141
InsertionSort;300;44887;22443;0,000307
InsertionSort;300;44887;22443;0,000285
InsertionSort;300;44887;22443;0,000283
InsertionSort;300;44887;22443;0,000372
InsertionSort;300;44887;22443;0,000478
InsertionSort;300;44887;22443;0,000381
InsertionSort;300;44887;22443;0,000514
InsertionSort;300;44887;22443;0,000507
InsertionSort;300;44887;22443;0,000497
InsertionSort;300;44887;22443;0,000401
InsertionSort;400;81517;40758;0,000956
InsertionSort;400;81517;40758;0,000985
InsertionSort;400;81517;40758;0,000374
InsertionSort;400;81517;40758;0,000427
InsertionSort;400;81517;40758;0,000444
InsertionSort;400;81517;40758;0,000434
InsertionSort;400;81517;40758;0,000437
InsertionSort;400;81517;40758;0,000417
InsertionSort;400;81517;40758;0,000437
InsertionSort;400;81517;40758;0,000444
InsertionSort;500;118955;59477;0,003492
InsertionSort;500;118955;59477;0,000101
InsertionSort;500;118955;59477;0,000096
InsertionSort;500;118955;59477;0,000165
InsertionSort;500;118955;59477;0,00018
InsertionSort;500;118955;59477;0,00018
InsertionSort;500;118955;59477;0,000171
InsertionSort;500;118955;59477;0,00018
InsertionSort;500;118955;59477;0,000177
InsertionSort;500;118955;59477;0,000098
InsertionSort;600;173171;86585;0,000265
InsertionSort;600;173171;86585;0,000256
InsertionSort;600;173171;86585;0,000263
InsertionSort;600;173171;86585;0,00014
InsertionSort;600;173171;86585;0,000143
InsertionSort;600;173171;86585;0,000138
InsertionSort;600;173171;86585;0,000138
InsertionSort;600;173171;86585;0,000225
InsertionSort;600;173171;86585;0,000139
InsertionSort;600;173171;86585;0,000138
InsertionSort;700;241629;120814;0,0002
InsertionSort;700;241629;120814;0,000192
InsertionSort;700;241629;120814;0,000227
InsertionSort;700;241629;120814;0,000189
InsertionSort;700;241629;120814;0,00019
InsertionSort;700;241629;120814;0,00019
InsertionSort;700;241629;120814;0,000191
InsertionSort;700;241629;120814;0,00019
InsertionSort;700;241629;120814;0,000356
InsertionSort;700;241629;120814;0,000233
InsertionSort;800;323243;161621;0,000471
InsertionSort;800;323243;161621;0,000497
InsertionSort;800;323243;161621;0,00049
InsertionSort;800;323243;161621;0,000327
InsertionSort;800;323243;161621;0,000253
InsertionSort;800;323243;161621;0,000252
InsertionSort;800;323243;161621;0,000261
InsertionSort;800;323243;161621;0,000257
InsertionSort;800;323243;161621;0,000251
InsertionSort;800;323243;161621;0,000261
InsertionSort;900;400789;200394;0,000692
InsertionSort;900;400789;200394;0,000331
InsertionSort;900;400789;200394;0,000315
InsertionSort;900;400789;200394;0,000311
InsertionSort;900;400789;200394;0,000491
InsertionSort;900;400789;200394;0,000582
InsertionSort;900;400789;200394;0,00059
InsertionSort;900;400789;200394;0,000581
InsertionSort;900;400789;200394;0,000613
InsertionSort;900;400789;200394;0,000576
InsertionSort;1000;485337;242668;0,000724
InsertionSort;1000;485337;242668;0,000702
InsertionSort;1000;485337;242668;0,000648
InsertionSort;1000;485337;242668;0,000614
InsertionSort;1000;485337;242668;0,000712
InsertionSort;1000;485337;242668;0,000569
InsertionSort;1000;485337;242668;0,000381
InsertionSort;1000;485337;242668;0,00042
InsertionSort;1000;485337;242668;0,000375
InsertionSort;1000;485337;242668;0,000376
InsertionSort;1100;595297;297648;0,000499
InsertionSort;1100;595297;297648;0,000827
InsertionSort;1100;595297;297648;0,000856
InsertionSort;1100;595297;297648;0,000835
InsertionSort;1100;595297;297648;0,000846
InsertionSort;1100;595297;297648;0,000844
InsertionSort;1100;595297;297648;0,000832
InsertionSort;1100;595297;297648;0,000527
InsertionSort;1100;595297;297648;0,000458
InsertionSort;1100;595297;297648;0,000457
InsertionSort;1200;724675;362337;0,000557
InsertionSort;1200;724675;362337;0,000556
InsertionSort;1200;724675;362337;0,000555
InsertionSort;1200;724675;362337;0,000565
InsertionSort;1200;724675;362337;0,000553
InsertionSort;1200;724675;362337;0,000555
InsertionSort;1200;724675;362337;0,000564
InsertionSort;1200;724675;362337;0,000561
InsertionSort;1200;724675;362337;0,000554
InsertionSort;1200;724675;362337;0,000554
InsertionSort;1300;834903;417451;0,000637
InsertionSort;1300;834903;417451;0,000638
InsertionSort;1300;834903;417451;0,000637
InsertionSort;1300;834903;417451;0,000638
InsertionSort;1300;834903;417451;0,000638
InsertionSort;1300;834903;417451;0,000648
InsertionSort;1300;834903;417451;0,000646
InsertionSort;1300;834903;417451;0,000641
InsertionSort;1300;834903;417451;0,000642
InsertionSort;1300;834903;417451;0,00064
InsertionSort;1400;932049;466024;0,000713
InsertionSort;1400;932049;466024;0,000743
InsertionSort;1400;932049;466024;0,00072
InsertionSort;1400;932049;466024;0,000719
InsertionSort;1400;932049;466024;0,000717
InsertionSort;1400;932049;466024;0,000715
InsertionSort;1400;932049;466024;0,000719
InsertionSort;1400;932049;466024;0,000714
InsertionSort;1400;932049;466024;0,000709
InsertionSort;1400;932049;466024;0,000748
InsertionSort;1500;1128759;564379;0,000862
InsertionSort;1500;1128759;564379;0,000859
InsertionSort;1500;1128759;564379;0,000865
InsertionSort;1500;1128759;564379;0,001389
InsertionSort;1500;1128759;564379;0,000906
InsertionSort;1500;1128759;564379;0,000884
InsertionSort;1500;1128759;564379;0,000879
InsertionSort;1500;1128759;564379;0,000928
InsertionSort;1500;1128759;564379;0,000867
InsertionSort;1500;1128759;564379;0,000881
InsertionSort;1600;1292353;646176;0,001875
InsertionSort;1600;1292353;646176;0,001826
InsertionSort;1600;1292353;646176;0,001029
InsertionSort;1600;1292353;646176;0,001005
InsertionSort;1600;1292353;646176;0,001005
InsertionSort;1600;1292353;646176;0,001001
InsertionSort;1600;1292353;646176;0,001636
InsertionSort;1600;1292353;646176;0,000987
InsertionSort;1600;1292353;646176;0,000985
InsertionSort;1600;1292353;646176;0,000983
InsertionSort;1700;1414485;707242;0,001091
InsertionSort;1700;1414485;707242;0,001077
InsertionSort;1700;1414485;707242;0,001081
InsertionSort;1700;1414485;707242;0,001088
InsertionSort;1700;1414485;707242;0,001082
InsertionSort;1700;1414485;707242;0,00108
InsertionSort;1700;1414485;707242;0,00108
InsertionSort;1700;1414485;707242;0,001116
InsertionSort;1700;1414485;707242;0,001088
InsertionSort;1700;1414485;707242;0,001104
InsertionSort;1800;1628207;814103;0,001239
InsertionSort;1800;1628207;814103;0,001238
InsertionSort;1800;1628207;814103;0,001236
InsertionSort;1800;1628207;814103;0,001235
InsertionSort;1800;1628207;814103;0,001285
InsertionSort;1800;1628207;814103;0,001236
InsertionSort;1800;1628207;814103;0,00124
InsertionSort;1800;1628207;814103;0,001243
InsertionSort;1800;1628207;814103;0,001234
InsertionSort;1800;1628207;814103;0,001238
InsertionSort;1900;1859247;929623;0,001409
InsertionSort;1900;1859247;929623;0,001423
InsertionSort;1900;1859247;929623;0,001416
InsertionSort;1900;1859247;929623;0,001416
InsertionSort;1900;1859247;929623;0,001416
InsertionSort;1900;1859247;929623;0,001409
InsertionSort;1900;1859247;929623;0,001432
InsertionSort;1900;1859247;929623;0,00142
InsertionSort;1900;1859247;929623;0,001412
InsertionSort;1900;1859247;929623;0,001418
InsertionSort;2000;2034869;1017434;0,001602
InsertionSort;2000;2034869;1017434;0,001555
InsertionSort;2000;2034869;1017434;0,001587
InsertionSort;2000;2034869;1017434;0,001553
InsertionSort;2000;2034869;1017434;0,001541
InsertionSort;2000;2034869;1017434;0,001564
InsertionSort;2000;2034869;1017434;0,001543
InsertionSort;2000;2034869;1017434;0,00154
InsertionSort;2000;2034869;1017434;0,001547
InsertionSort;2000;2034869;1017434;0,001556
InsertionSort;2100;2215755;1107877;0,001685
InsertionSort;2100;2215755;1107877;0,001684
InsertionSort;2100;2215755;1107877;0,001677
InsertionSort;2100;2215755;1107877;0,001679
InsertionSort;2100;2215755;1107877;0,001699
InsertionSort;2100;2215755;1107877;0,001685
InsertionSort;2100;2215755;1107877;0,001678
InsertionSort;2100;2215755;1107877;0,00168
InsertionSort;2100;2215755;1107877;0,001679
InsertionSort;2100;2215755;1107877;0,001686
InsertionSort;2200;2511313;1255656;0,001902
InsertionSort;2200;2511313;1255656;0,00194
InsertionSort;2200;2511313;1255656;0,001956
InsertionSort;2200;2511313;1255656;0,001912
InsertionSort;2200;2511313;1255656;0,001897
InsertionSort;2200;2511313;1255656;0,001897
InsertionSort;2200;2511313;1255656;0,001899
InsertionSort;2200;2511313;1255656;0,001913
InsertionSort;2200;2511313;1255656;0,001903
InsertionSort;2200;2511313;1255656;0,001894
InsertionSort;2300;2619781;1309890;0,001983
InsertionSort;2300;2619781;1309890;0,00199
InsertionSort;2300;2619781;1309890;0,002029
InsertionSort;2300;2619781;1309890;0,001998
InsertionSort;2300;2619781;1309890;0,001992
InsertionSort;2300;2619781;1309890;0,002003
InsertionSort;2300;2619781;1309890;0,001983
InsertionSort;2300;2619781;1309890;0,001976
InsertionSort;2300;2619781;1309890;0,001985
InsertionSort;2300;2619781;1309890;0,002017
InsertionSort;2400;2880773;1440386;0,0022
InsertionSort;2400;2880773;1440386;0,002177
InsertionSort;2400;2880773;1440386;0,002228
InsertionSort;2400;2880773;1440386;0,003493
InsertionSort;2400;2880773;1440386;0,00415
InsertionSort;2400;2880773;1440386;0,004072
InsertionSort;2400;2880773;1440386;0,003962
InsertionSort;2400;2880773;1440386;0,002199
InsertionSort;2400;2880773;1440386;0,002211
InsertionSort;2400;2880773;1440386;0,002789
InsertionSort;2500;3091093;1545546;0,004304
InsertionSort;2500;3091093;1545546;0,002471
InsertionSort;2500;3091093;1545546;0,002334
InsertionSort;2500;3091093;1545546;0,002496
InsertionSort;2500;3091093;1545546;0,002341
InsertionSort;2500;3091093;1545546;0,002333
InsertionSort;2500;3091093;1545546;0,002343
InsertionSort;2500;3091093;1545546;0,002329
InsertionSort;2500;3091093;1545546;0,002334
InsertionSort;2500;3091093;1545546;0,002328
InsertionSort;2600;3404617;1702308;0,002565
InsertionSort;2600;3404617;1702308;0,002567
InsertionSort;2600;3404617;1702308;0,002571
InsertionSort;2600;3404617;1702308;0,002581
InsertionSort;2600;3404617;1702308;0,002583
InsertionSort;2600;3404617;1702308;0,002595
InsertionSort;2600;3404617;1702308;0,002617
InsertionSort;2600;3404617;1702308;0,002577
InsertionSort;2600;3404617;1702308;0,002575
InsertionSort;2600;3404617;1702308;0,002579
InsertionSort;2700;3667619;1833809;0,00276
InsertionSort;2700;3667619;1833809;0,002777
InsertionSort;2700;3667619;1833809;0,00278
InsertionSort;2700;3667619;1833809;0,002773
InsertionSort;2700;3667619;1833809;0,002777
InsertionSort;2700;3667619;1833809;0,002774
InsertionSort;2700;3667619;1833809;0,002774
InsertionSort;2700;3667619;1833809;0,002766
InsertionSort;2700;3667619;1833809;0,002768
InsertionSort;2700;3667619;1833809;0,002769
InsertionSort;2800;3901447;1950723;0,003022
InsertionSort;2800;3901447;1950723;0,00298
InsertionSort;2800;3901447;1950723;0,002968
InsertionSort;2800;3901447;1950723;0,00294
InsertionSort;2800;3901447;1950723;0,004805
InsertionSort;2800;3901447;1950723;0,00296
InsertionSort;2800;3901447;1950723;0,00294
InsertionSort;2800;3901447;1950723;0,002946
InsertionSort;2800;3901447;1950723;0,002938
InsertionSort;2800;3901447;1950723;0,002936
InsertionSort;2900;4213763;2106881;0,00318
InsertionSort;2900;4213763;2106881;0,003185
InsertionSort;2900;4213763;2106881;0,00318
InsertionSort;2900;4213763;2106881;0,003218
InsertionSort;2900;4213763;2106881;0,003183
InsertionSort;2900;4213763;2106881;0,003189
InsertionSort;2900;4213763;2106881;0,003182
InsertionSort;2900;4213763;2106881;0,003171
InsertionSort;2900;4213763;2106881;0,003179
InsertionSort;2900;4213763;2106881;0,003173
InsertionSort;3000;4368297;2184148;0,003277
InsertionSort;3000;4368297;2184148;0,003278
InsertionSort;3000;4368297;2184148;0,003284
InsertionSort;3000;4368297;2184148;0,003287
InsertionSort;3000;4368297;2184148;0,003286
InsertionSort;3000;4368297;2184148;0,00329
InsertionSort;3000;4368297;2184148;0,003634
InsertionSort;3000;4368297;2184148;0,003286
InsertionSort;3000;4368297;2184148;0,003303
InsertionSort;3000;4368297;2184148;0,003343
InsertionSort;3100;4940663;2470331;0,003778
InsertionSort;3100;4940663;2470331;0,003805
InsertionSort;3100;4940663;2470331;0,003738
InsertionSort;3100;4940663;2470331;0,004657
InsertionSort;3100;4940663;2470331;0,006791
InsertionSort;3100;4940663;2470331;0,003946
InsertionSort;3100;4940663;2470331;0,003901
InsertionSort;3100;4940663;2470331;0,003773
InsertionSort;3100;4940663;2470331;0,003747
InsertionSort;3100;4940663;2470331;0,003715
InsertionSort;3200;5106677;2553338;0,003897
InsertionSort;3200;5106677;2553338;0,004287
InsertionSort;3200;5106677;2553338;0,003861
InsertionSort;3200;5106677;2553338;0,003859
InsertionSort;3200;5106677;2553338;0,00388
InsertionSort;3200;5106677;2553338;0,003905
InsertionSort;3200;5106677;2553338;0,003919
InsertionSort;3200;5106677;2553338;0,003968
InsertionSort;3200;5106677;2553338;0,003985
InsertionSort;3200;5106677;2553338;0,005638
InsertionSort;3300;5475729;2737864;0,007654
InsertionSort;3300;5475729;2737864;0,006195
InsertionSort;3300;5475729;2737864;0,004991
InsertionSort;3300;5475729;2737864;0,005687
InsertionSort;3300;5475729;2737864;0,007977
InsertionSort;3300;5475729;2737864;0,007921
InsertionSort;3300;5475729;2737864;0,007123
InsertionSort;3300;5475729;2737864;0,005721
InsertionSort;3300;5475729;2737864;0,005521
InsertionSort;3300;5475729;2737864;0,005914
InsertionSort;3400;5842265;2921132;0,004422
InsertionSort;3400;5842265;2921132;0,005073
InsertionSort;3400;5842265;2921132;0,006285
InsertionSort;3400;5842265;2921132;0,008402
InsertionSort;3400;5842265;2921132;0,005967
InsertionSort;3400;5842265;2921132;0,008432
InsertionSort;3400;5842265;2921132;0,008297
InsertionSort;3400;5842265;2921132;0,004624
InsertionSort;3400;5842265;2921132;0,005769
InsertionSort;3400;5842265;2921132;0,007038
InsertionSort;3500;6119823;3059911;0,007627
InsertionSort;3500;6119823;3059911;0,006467
InsertionSort;3500;6119823;3059911;0,004717
InsertionSort;3500;6119823;3059911;0,004678
InsertionSort;3500;6119823;3059911;0,004833
InsertionSort;3500;6119823;3059911;0,004647
InsertionSort;3500;6119823;3059911;0,004722
InsertionSort;3500;6119823;3059911;0,004755
InsertionSort;3500;6119823;3059911;0,004689
InsertionSort;3500;6119823;3059911;0,004682
InsertionSort;3600;6502929;3251464;0,005071
InsertionSort;3600;6502929;3251464;0,004947
InsertionSort;3600;6502929;3251464;0,00783
InsertionSort;3600;6502929;3251464;0,006647
InsertionSort;3600;6502929;3251464;0,006881
InsertionSort;3600;6502929;3251464;0,004984
InsertionSort;3600;6502929;3251464;0,005381
InsertionSort;3600;6502929;3251464;0,005301
InsertionSort;3600;6502929;3251464;0,004936
InsertionSort;3600;6502929;3251464;0,005045
InsertionSort;3700;6843645;3421822;0,005161
InsertionSort;3700;6843645;3421822;0,006619
InsertionSort;3700;6843645;3421822;0,00858
InsertionSort;3700;6843645;3421822;0,00524
InsertionSort;3700;6843645;3421822;0,006023
InsertionSort;3700;6843645;3421822;0,005655
InsertionSort;3700;6843645;3421822;0,005183
InsertionSort;3700;6843645;3421822;0,005233
InsertionSort;3700;6843645;3421822;0,005284
InsertionSort;3700;6843645;3421822;0,005245
InsertionSort;3800;7338019;3669009;0,005558
InsertionSort;3800;7338019;3669009;0,005561
InsertionSort;3800;7338019;3669009;0,005619
InsertionSort;3800;7338019;3669009;0,005658
InsertionSort;3800;7338019;3669009;0,005708
InsertionSort;3800;7338019;3669009;0,005541
InsertionSort;3800;7338019;3669009;0,005523
InsertionSort;3800;7338019;3669009;0,00554
InsertionSort;3800;7338019;3669009;0,005508
InsertionSort;3800;7338019;3669009;0,005563
InsertionSort;3900;7546187;3773093;0,00567
InsertionSort;3900;7546187;3773093;0,005696
InsertionSort;3900;7546187;3773093;0,005696
InsertionSort;3900;7546187;3773093;0,005645
InsertionSort;3900;7546187;3773093;0,005694
InsertionSort;3900;7546187;3773093;0,005648
InsertionSort;3900;7546187;3773093;0,005654
InsertionSort;3900;7546187;3773093;0,005647
InsertionSort;3900;7546187;3773093;0,005662
InsertionSort;3900;7546187;3773093;0,00564
InsertionSort;4000;7942705;3971352;0,005979
InsertionSort;4000;7942705;3971352;0,006003
InsertionSort;4000;7942705;3971352;0,008275
InsertionSort;4000;7942705;3971352;0,005986
InsertionSort;4000;7942705;3971352;0,006008
InsertionSort;4000;7942705;3971352;0,006505
InsertionSort;4000;7942705;3971352;0,006029
InsertionSort;4000;7942705;3971352;0,005985
InsertionSort;4000;7942705;3971352;0,005982
InsertionSort;4000;7942705;3971352;0,005968
InsertionSort;4100;8451921;4225960;0,006367
InsertionSort;4100;8451921;4225960;0,006331
InsertionSort;4100;8451921;4225960;0,006455
InsertionSort;4100;8451921;4225960;0,006349
InsertionSort;4100;8451921;4225960;0,00635
InsertionSort;4100;8451921;4225960;0,006398
InsertionSort;4100;8451921;4225960;0,006445
InsertionSort;4100;8451921;4225960;0,006524
InsertionSort;4100;8451921;4225960;0,00641
InsertionSort;4100;8451921;4225960;0,006355
InsertionSort;4200;8888067;4444033;0,00674
InsertionSort;4200;8888067;4444033;0,006692
InsertionSort;4200;8888067;4444033;0,010617
InsertionSort;4200;8888067;4444033;0,012326
InsertionSort;4200;8888067;4444033;0,007893
InsertionSort;4200;8888067;4444033;0,006658
InsertionSort;4200;8888067;4444033;0,006659
InsertionSort;4200;8888067;4444033;0,007242
InsertionSort;4200;8888067;4444033;0,006798
InsertionSort;4200;8888067;4444033;0,006732
InsertionSort;4300;9173107;4586553;0,006903
InsertionSort;4300;9173107;4586553;0,006877
InsertionSort;4300;9173107;4586553;0,006883
InsertionSort;4300;9173107;4586553;0,006898
InsertionSort;4300;9173107;4586553;0,00692
InsertionSort;4300;9173107;4586553;0,006877
InsertionSort;4300;9173107;4586553;0,006887
InsertionSort;4300;9173107;4586553;0,006904
InsertionSort;4300;9173107;4586553;0,006913
InsertionSort;4300;9173107;4586553;0,006883
InsertionSort;4400;9673365;4836682;0,00727
InsertionSort;4400;9673365;4836682;0,007335
InsertionSort;4400;9673365;4836682;0,007274
InsertionSort;4400;9673365;4836682;0,007362
InsertionSort;4400;9673365;4836682;0,007311
InsertionSort;4400;9673365;4836682;0,007324
InsertionSort;4400;9673365;4836682;0,007305
InsertionSort;4400;9673365;4836682;0,007292
InsertionSort;4400;9673365;4836682;0,007236
InsertionSort;4400;9673365;4836682;0,007298
InsertionSort;4500;10222617;5111308;0,007782
InsertionSort;4500;10222617;5111308;0,007756
InsertionSort;4500;10222617;5111308;0,007737
InsertionSort;4500;10222617;5111308;0,007777
InsertionSort;4500;10222617;5111308;0,007736
InsertionSort;4500;10222617;5111308;0,007904
InsertionSort;4500;10222617;5111308;0,007908
InsertionSort;4500;10222617;5111308;0,007768
InsertionSort;4500;10222617;5111308;0,007805
InsertionSort;4500;10222617;5111308;0,010386
InsertionSort;4600;10562617;5281308;0,008049
InsertionSort;4600;10562617;5281308;0,007987
InsertionSort;4600;10562617;5281308;0,008057
InsertionSort;4600;10562617;5281308;0,008001
InsertionSort;4600;10562617;5281308;0,008054
InsertionSort;4600;10562617;5281308;0,007941
InsertionSort;4600;10562617;5281308;0,007934
InsertionSort;4600;10562617;5281308;0,008118
InsertionSort;4600;10562617;5281308;0,008006
InsertionSort;4600;10562617;5281308;0,008025
InsertionSort;4700;11100691;5550345;0,008342
InsertionSort;4700;11100691;5550345;0,00825
InsertionSort;4700;11100691;5550345;0,008545
InsertionSort;4700;11100691;5550345;0,0113
InsertionSort;4700;11100691;5550345;0,008324
InsertionSort;4700;11100691;5550345;0,008312
InsertionSort;4700;11100691;5550345;0,008315
InsertionSort;4700;11100691;5550345;0,008246
InsertionSort;4700;11100691;5550345;0,008268
InsertionSort;4700;11100691;5550345;0,008397
InsertionSort;4800;11583553;5791776;0,008802
InsertionSort;4800;11583553;5791776;0,008708
InsertionSort;4800;11583553;5791776;0,008597
InsertionSort;4800;11583553;5791776;0,008926
InsertionSort;4800;11583553;5791776;0,008873
InsertionSort;4800;11583553;5791776;0,008675
InsertionSort;4800;11583553;5791776;0,008719
InsertionSort;4800;11583553;5791776;0,008728
InsertionSort;4800;11583553;5791776;0,008748
InsertionSort;4800;11583553;5791776;0,008672
InsertionSort;4900;12099215;6049607;0,009102
InsertionSort;4900;12099215;6049607;0,009203
InsertionSort;4900;12099215;6049607;0,009004
InsertionSort;4900;12099215;6049607;0,009033
InsertionSort;4900;12099215;6049607;0,009045
InsertionSort;4900;12099215;6049607;0,008997
InsertionSort;4900;12099215;6049607;0,009034
InsertionSort;4900;12099215;6049607;0,009017
InsertionSort;4900;12099215;6049607;0,009114
InsertionSort;4900;12099215;6049607;0,009045
InsertionSort;5000;12361319;6180659;0,00947
InsertionSort;5000;12361319;6180659;0,009274
InsertionSort;5000;12361319;6180659;0,009465
InsertionSort;5000;12361319;6180659;0,009255
InsertionSort;5000;12361319;6180659;0,009234
InsertionSort;5000;12361319;6180659;0,009267
InsertionSort;5000;12361319;6180659;0,009273
InsertionSort;5000;12361319;6180659;0,009505
InsertionSort;5000;12361319;6180659;0,00924
InsertionSort;5000;12361319;6180659;0,009385
InsertionSort;5100;12844861;6422430;0,009595
InsertionSort;5100;12844861;6422430;0,009553
InsertionSort;5100;12844861;6422430;0,009631
InsertionSort;5100;12844861;6422430;0,009667
InsertionSort;5100;12844861;6422430;0,009656
InsertionSort;5100;12844861;6422430;0,009694
InsertionSort;5100;12844861;6422430;0,009568
InsertionSort;5100;12844861;6422430;0,009554
InsertionSort;5100;12844861;6422430;0,009674
InsertionSort;5100;12844861;6422430;0,00959
InsertionSort;5200;13462001;6731000;0,010091
InsertionSort;5200;13462001;6731000;0,01132
InsertionSort;5200;13462001;6731000;0,010465
InsertionSort;5200;13462001;6731000;0,010411
InsertionSort;5200;13462001;6731000;0,010346
InsertionSort;5200;13462001;6731000;0,010279
InsertionSort;5200;13462001;6731000;0,010086
InsertionSort;5200;13462001;6731000;0,010067
InsertionSort;5200;13462001;6731000;0,01006
InsertionSort;5200;13462001;6731000;0,010078
InsertionSort;5300;13833437;6916718;0,010677
InsertionSort;5300;13833437;6916718;0,010741
InsertionSort;5300;13833437;6916718;0,010553
InsertionSort;5300;13833437;6916718;0,010698
InsertionSort;5300;13833437;6916718;0,010361
InsertionSort;5300;13833437;6916718;0,010278
InsertionSort;5300;13833437;6916718;0,010561
InsertionSort;5300;13833437;6916718;0,010401
InsertionSort;5300;13833437;6916718;0,010279
InsertionSort;5300;13833437;6916718;0,010345
InsertionSort;5400;14526515;7263257;0,010791
InsertionSort;5400;14526515;7263257;0,011217
InsertionSort;5400;14526515;7263257;0,010835
InsertionSort;5400;14526515;7263257;0,011062
InsertionSort;5400;14526515;7263257;0,011338
InsertionSort;5400;14526515;7263257;0,011215
InsertionSort;5400;14526515;7263257;0,010996
InsertionSort;5400;14526515;7263257;0,010771
InsertionSort;5400;14526515;7263257;0,010808
InsertionSort;5400;14526515;7263257;0,011041
InsertionSort;5500;15109211;7554605;0,011257
InsertionSort;5500;15109211;7554605;0,011258
InsertionSort;5500;15109211;7554605;0,011345
InsertionSort;5500;15109211;7554605;0,011413
InsertionSort;5500;15109211;7554605;0,011472
InsertionSort;5500;15109211;7554605;0,011408
InsertionSort;5500;15109211;7554605;0,011268
InsertionSort;5500;15109211;7554605;0,011234
InsertionSort;5500;15109211;7554605;0,013016
InsertionSort;5500;15109211;7554605;0,011568
InsertionSort;5600;15970131;7985065;0,011973
InsertionSort;5600;15970131;7985065;0,011987
InsertionSort;5600;15970131;7985065;0,01201
InsertionSort;5600;15970131;7985065;0,012016
InsertionSort;5600;15970131;7985065;0,012344
InsertionSort;5600;15970131;7985065;0,011861
InsertionSort;5600;15970131;7985065;0,012348
InsertionSort;5600;15970131;7985065;0,012134
InsertionSort;5600;15970131;7985065;0,012016
InsertionSort;5600;15970131;7985065;0,011951
InsertionSort;5700;16380937;8190468;0,012161
InsertionSort;5700;16380937;8190468;0,012177
InsertionSort;5700;16380937;8190468;0,012202
InsertionSort;5700;16380937;8190468;0,012126
InsertionSort;5700;16380937;8190468;0,012083
InsertionSort;5700;16380937;8190468;0,012335
InsertionSort;5700;16380937;8190468;0,012656
InsertionSort;5700;16380937;8190468;0,012379
InsertionSort;5700;16380937;8190468;0,012269
InsertionSort;5700;16380937;8190468;0,01269
InsertionSort;5800;16718255;8359127;0,013003
InsertionSort;5800;16718255;8359127;0,012699
InsertionSort;5800;16718255;8359127;0,012501
InsertionSort;5800;16718255;8359127;0,013156
InsertionSort;5800;16718255;8359127;0,012517
InsertionSort;5800;16718255;8359127;0,013121
InsertionSort;5800;16718255;8359127;0,012288
InsertionSort;5800;16718255;8359127;0,012383
InsertionSort;5800;16718255;8359127;0,012311
InsertionSort;5800;16718255;8359127;0,012983
InsertionSort;5900;17437565;8718782;0,013151
InsertionSort;5900;17437565;8718782;0,013237
InsertionSort;5900;17437565;8718782;0,013123
InsertionSort;5900;17437565;8718782;0,013268
InsertionSort;5900;17437565;8718782;0,012921
InsertionSort;5900;17437565;8718782;0,012958
InsertionSort;5900;17437565;8718782;0,012915
InsertionSort;5900;17437565;8718782;0,012939
InsertionSort;5900;17437565;8718782;0,013018
InsertionSort;5900;17437565;8718782;0,013402
InsertionSort;6000;18083309;9041654;0,013577
InsertionSort;6000;18083309;9041654;0,01352
InsertionSort;6000;18083309;9041654;0,013503
InsertionSort;6000;18083309;9041654;0,013648
InsertionSort;6000;18083309;9041654;0,01349
InsertionSort;6000;18083309;9041654;0,013788
InsertionSort;6000;18083309;9041654;0,013721
InsertionSort;6000;18083309;9041654;0,013489
InsertionSort;6000;18083309;9041654;0,014533
InsertionSort;6000;18083309;9041654;0,013863
InsertionSort;6100;18567925;9283962;0,01404
InsertionSort;6100;18567925;9283962;0,014298
InsertionSort;6100;18567925;9283962;0,01428
InsertionSort;6100;18567925;9283962;0,014228
InsertionSort;6100;18567925;9283962;0,013989
InsertionSort;6100;18567925;9283962;0,013946
InsertionSort;6100;18567925;9283962;0,013991
InsertionSort;6100;18567925;9283962;0,013948
InsertionSort;6100;18567925;9283962;0,01401
InsertionSort;6100;18567925;9283962;0,015009
InsertionSort;6200;19552873;9776436;0,014929
InsertionSort;6200;19552873;9776436;0,014962
InsertionSort;6200;19552873;9776436;0,014888
InsertionSort;6200;19552873;9776436;0,014565
InsertionSort;6200;19552873;9776436;0,014521
InsertionSort;6200;19552873;9776436;0,014981
InsertionSort;6200;19552873;9776436;0,014629
InsertionSort;6200;19552873;9776436;0,015031
InsertionSort;6200;19552873;9776436;0,014725
InsertionSort;6200;19552873;9776436;0,015054
InsertionSort;6300;19793033;9896516;0,014923
InsertionSort;6300;19793033;9896516;0,014791
InsertionSort;6300;19793033;9896516;0,014719
InsertionSort;6300;19793033;9896516;0,015007
InsertionSort;6300;19793033;9896516;0,01477
InsertionSort;6300;19793033;9896516;0,01477
InsertionSort;6300;19793033;9896516;0,01481
InsertionSort;6300;19793033;9896516;0,014787
InsertionSort;6300;19793033;9896516;0,015035
InsertionSort;6300;19793033;9896516;0,014873
InsertionSort;6400;20892039;10446019;0,015852
InsertionSort;6400;20892039;10446019;0,015664
InsertionSort;6400;20892039;10446019;0,015891
InsertionSort;6400;20892039;10446019;0,015897
InsertionSort;6400;20892039;10446019;0,015946
InsertionSort;6400;20892039;10446019;0,015593
InsertionSort;6400;20892039;10446019;0,016982
InsertionSort;6400;20892039;10446019;0,015978
InsertionSort;6400;20892039;10446019;0,015648
InsertionSort;6400;20892039;10446019;0,015596
InsertionSort;6500;21086661;10543330;0,015766
InsertionSort;6500;21086661;10543330;0,015981
InsertionSort;6500;21086661;10543330;0,016019
InsertionSort;6500;21086661;10543330;0,015823
InsertionSort;6500;21086661;10543330;0,015768
InsertionSort;6500;21086661;10543330;0,015748
InsertionSort;6500;21086661;10543330;0,015802
InsertionSort;6500;21086661;10543330;0,016013
InsertionSort;6500;21086661;10543330;0,01587
InsertionSort;6500;21086661;10543330;0,016125
InsertionSort;6600;21744411;10872205;0,016169
InsertionSort;6600;21744411;10872205;0,016381
InsertionSort;6600;21744411;10872205;0,016395
InsertionSort;6600;21744411;10872205;0,016209
InsertionSort;6600;21744411;10872205;0,016529
InsertionSort;6600;21744411;10872205;0,016317
InsertionSort;6600;21744411;10872205;0,016367
InsertionSort;6600;21744411;10872205;0,016258
InsertionSort;6600;21744411;10872205;0,016384
InsertionSort;6600;21744411;10872205;0,01673
InsertionSort;6700;22591217;11295608;0,017123
InsertionSort;6700;22591217;11295608;0,01729
InsertionSort;6700;22591217;11295608;0,01733
InsertionSort;6700;22591217;11295608;0,016939
InsertionSort;6700;22591217;11295608;0,01731
InsertionSort;6700;22591217;11295608;0,017239
InsertionSort;6700;22591217;11295608;0,017289
InsertionSort;6700;22591217;11295608;0,017068
InsertionSort;6700;22591217;11295608;0,016873
InsertionSort;6700;22591217;11295608;0,01731
InsertionSort;6800;23245695;11622847;0,017548
InsertionSort;6800;23245695;11622847;0,017372
InsertionSort;6800;23245695;11622847;0,017671
InsertionSort;6800;23245695;11622847;0,017959
InsertionSort;6800;23245695;11622847;0,017808
InsertionSort;6800;23245695;11622847;0,017506
InsertionSort;6800;23245695;11622847;0,017487
InsertionSort;6800;23245695;11622847;0,018053
InsertionSort;6800;23245695;11622847;0,017546
InsertionSort;6800;23245695;11622847;0,017434
InsertionSort;6900;23946309;11973154;0,017977
InsertionSort;6900;23946309;11973154;0,018033
InsertionSort;6900;23946309;11973154;0,017932
InsertionSort;6900;23946309;11973154;0,019323
InsertionSort;6900;23946309;11973154;0,018305
InsertionSort;6900;23946309;11973154;0,018729
InsertionSort;6900;23946309;11973154;0,018128
InsertionSort;6900;23946309;11973154;0,01849
InsertionSort;6900;23946309;11973154;0,01801
InsertionSort;6900;23946309;11973154;0,018116
InsertionSort;7000;24359597;12179798;0,01861
InsertionSort;7000;24359597;12179798;0,018359
InsertionSort;7000;24359597;12179798;0,018271
InsertionSort;7000;24359597;12179798;0,018299
InsertionSort;7000;24359597;12179798;0,019077
InsertionSort;7000;24359597;12179798;0,018226
InsertionSort;7000;24359597;12179798;0,0183
InsertionSort;7000;24359597;12179798;0,018204
InsertionSort;7000;24359597;12179798;0,019315
InsertionSort;7000;24359597;12179798;0,018518
InsertionSort;7100;24827979;12413989;0,018665
InsertionSort;7100;24827979;12413989;0,018567
InsertionSort;7100;24827979;12413989;0,018788
InsertionSort;7100;24827979;12413989;0,018758
InsertionSort;7100;24827979;12413989;0,018792
InsertionSort;7100;24827979;12413989;0,019561
InsertionSort;7100;24827979;12413989;0,018994
InsertionSort;7100;24827979;12413989;0,01862
InsertionSort;7100;24827979;12413989;0,018561
InsertionSort;7100;24827979;12413989;0,019235
InsertionSort;7200;26284625;13142312;0,019937
InsertionSort;7200;26284625;13142312;0,019768
InsertionSort;7200;26284625;13142312;0,020001
InsertionSort;7200;26284625;13142312;0,020313
InsertionSort;7200;26284625;13142312;0,020916
InsertionSort;7200;26284625;13142312;0,019776
InsertionSort;7200;26284625;13142312;0,020297
InsertionSort;7200;26284625;13142312;0,019685
InsertionSort;7200;26284625;13142312;0,019617
InsertionSort;7200;26284625;13142312;0,019924
InsertionSort;7300;27013675;13506837;0,020887
InsertionSort;7300;27013675;13506837;0,020218
InsertionSort;7300;27013675;13506837;0,020474
InsertionSort;7300;27013675;13506837;0,020181
InsertionSort;7300;27013675;13506837;0,020125
InsertionSort;7300;27013675;13506837;0,020705
InsertionSort;7300;27013675;13506837;0,020772
InsertionSort;7300;27013675;13506837;0,020411
InsertionSort;7300;27013675;13506837;0,02032
InsertionSort;7300;27013675;13506837;0,020732
InsertionSort;7400;27659487;13829743;0,022359
InsertionSort;7400;27659487;13829743;0,020586
InsertionSort;7400;27659487;13829743;0,020804
InsertionSort;7400;27659487;13829743;0,020517
InsertionSort;7400;27659487;13829743;0,021116
InsertionSort;7400;27659487;13829743;0,02085
InsertionSort;7400;27659487;13829743;0,020778
InsertionSort;7400;27659487;13829743;0,020765
InsertionSort;7400;27659487;13829743;0,020654
InsertionSort;7400;27659487;13829743;0,020939
InsertionSort;7500;28060685;14030342;0,020956
InsertionSort;7500;28060685;14030342;0,020942
InsertionSort;7500;28060685;14030342;0,020826
InsertionSort;7500;28060685;14030342;0,020905
InsertionSort;7500;28060685;14030342;0,022213
InsertionSort;7500;28060685;14030342;0,021684
InsertionSort;7500;28060685;14030342;0,021841
InsertionSort;7500;28060685;14030342;0,021949
InsertionSort;7500;28060685;14030342;0,021281
InsertionSort;7500;28060685;14030342;0,021401
InsertionSort;7600;28889381;14444690;0,021712
InsertionSort;7600;28889381;14444690;0,021691
InsertionSort;7600;28889381;14444690;0,021544
InsertionSort;7600;28889381;14444690;0,021681
InsertionSort;7600;28889381;14444690;0,021637
InsertionSort;7600;28889381;14444690;0,021677
InsertionSort;7600;28889381;14444690;0,021525
InsertionSort;7600;28889381;14444690;0,021891
InsertionSort;7600;28889381;14444690;0,022027
InsertionSort;7600;28889381;14444690;0,021577
InsertionSort;7700;29544981;14772490;0,022267
InsertionSort;7700;29544981;14772490;0,022392
InsertionSort;7700;29544981;14772490;0,023087
InsertionSort;7700;29544981;14772490;0,022408
InsertionSort;7700;29544981;14772490;0,022776
InsertionSort;7700;29544981;14772490;0,022134
InsertionSort;7700;29544981;14772490;0,022256
InsertionSort;7700;29544981;14772490;0,022151
InsertionSort;7700;29544981;14772490;0,022383
InsertionSort;7700;29544981;14772490;0,02269
InsertionSort;7800;30786303;15393151;0,023149
InsertionSort;7800;30786303;15393151;0,02342
InsertionSort;7800;30786303;15393151;0,023697
InsertionSort;7800;30786303;15393151;0,023118
InsertionSort;7800;30786303;15393151;0,023273
InsertionSort;7800;30786303;15393151;0,023443
InsertionSort;7800;30786303;15393151;0,023177
InsertionSort;7800;30786303;15393151;0,023357
InsertionSort;7800;30786303;15393151;0,023096
InsertionSort;7800;30786303;15393151;0,023663
InsertionSort;7900;31263873;15631936;0,023766
InsertionSort;7900;31263873;15631936;0,023551
InsertionSort;7900;31263873;15631936;0,023329
InsertionSort;7900;31263873;15631936;0,023332
InsertionSort;7900;31263873;15631936;0,023704
InsertionSort;7900;31263873;15631936;0,02363
InsertionSort;7900;31263873;15631936;0,023272
InsertionSort;7900;31263873;15631936;0,023665
InsertionSort;7900;31263873;15631936;0,023725
InsertionSort;7900;31263873;15631936;0,023218
InsertionSort;8000;32139613;16069806;0,023976
InsertionSort;8000;32139613;16069806;0,023952
InsertionSort;8000;32139613;16069806;0,024403
InsertionSort;8000;32139613;16069806;0,024371
InsertionSort;8000;32139613;16069806;0,024226
InsertionSort;8000;32139613;16069806;0,023979
InsertionSort;8000;32139613;16069806;0,024934
InsertionSort;8000;32139613;16069806;0,024283
InsertionSort;8000;32139613;16069806;0,024463
InsertionSort;8000;32139613;16069806;0,023925
InsertionSort;8100;33146979;16573489;0,024858
InsertionSort;8100;33146979;16573489;0,025437
InsertionSort;8100;33146979;16573489;0,024962
InsertionSort;8100;33146979;16573489;0,024931
InsertionSort;8100;33146979;16573489;0,02494
InsertionSort;8100;33146979;16573489;0,02486
InsertionSort;8100;33146979;16573489;0,024767
InsertionSort;8100;33146979;16573489;0,02498
InsertionSort;8100;33146979;16573489;0,024823
InsertionSort;8100;33146979;16573489;0,025068
InsertionSort;8200;33576261;16788130;0,025493
InsertionSort;8200;33576261;16788130;0,025239
InsertionSort;8200;33576261;16788130;0,025493
InsertionSort;8200;33576261;16788130;0,025628
InsertionSort;8200;33576261;16788130;0,025613
InsertionSort;8200;33576261;16788130;0,025073
InsertionSort;8200;33576261;16788130;0,025243
InsertionSort;8200;33576261;16788130;0,025598
InsertionSort;8200;33576261;16788130;0,025774
InsertionSort;8200;33576261;16788130;0,025202
InsertionSort;8300;34606927;17303463;0,026905
InsertionSort;8300;34606927;17303463;0,026162
InsertionSort;8300;34606927;17303463;0,0261
InsertionSort;8300;34606927;17303463;0,025914
InsertionSort;8300;34606927;17303463;0,02708
InsertionSort;8300;34606927;17303463;0,025872
InsertionSort;8300;34606927;17303463;0,025951
InsertionSort;8300;34606927;17303463;0,02625
InsertionSort;8300;34606927;17303463;0,026031
InsertionSort;8300;34606927;17303463;0,02605
InsertionSort;8400;35613373;17806686;0,027173
InsertionSort;8400;35613373;17806686;0,026876
InsertionSort;8400;35613373;17806686;0,027188
InsertionSort;8400;35613373;17806686;0,026713
InsertionSort;8400;35613373;17806686;0,026888
InsertionSort;8400;35613373;17806686;0,026966
InsertionSort;8400;35613373;17806686;0,026863
InsertionSort;8400;35613373;17806686;0,026934
InsertionSort;8400;35613373;17806686;0,02673
InsertionSort;8400;35613373;17806686;0,029871
InsertionSort;8500;36070279;18035139;0,026995
InsertionSort;8500;36070279;18035139;0,027135
InsertionSort;8500;36070279;18035139;0,027082
InsertionSort;8500;36070279;18035139;0,028014
InsertionSort;8500;36070279;18035139;0,027271
InsertionSort;8500;36070279;18035139;0,027053
InsertionSort;8500;36070279;18035139;0,026986
InsertionSort;8500;36070279;18035139;0,027879
InsertionSort;8500;36070279;18035139;0,027377
InsertionSort;8500;36070279;18035139;0,02713
InsertionSort;8600;36879147;18439573;0,027876
InsertionSort;8600;36879147;18439573;0,027731
InsertionSort;8600;36879147;18439573;0,027545
InsertionSort;8600;36879147;18439573;0,027646
InsertionSort;8600;36879147;18439573;0,028139
InsertionSort;8600;36879147;18439573;0,027868
InsertionSort;8600;36879147;18439573;0,027716
InsertionSort;8600;36879147;18439573;0,028837
InsertionSort;8600;36879147;18439573;0,028027
InsertionSort;8600;36879147;18439573;0,027678
InsertionSort;8700;38195567;19097783;0,028982
InsertionSort;8700;38195567;19097783;0,028679
InsertionSort;8700;38195567;19097783;0,029066
InsertionSort;8700;38195567;19097783;0,028921
InsertionSort;8700;38195567;19097783;0,02895
InsertionSort;8700;38195567;19097783;0,028707
InsertionSort;8700;38195567;19097783;0,029025
InsertionSort;8700;38195567;19097783;0,029143
InsertionSort;8700;38195567;19097783;0,028969
InsertionSort;8700;38195567;19097783;0,028956
InsertionSort;8800;38668661;19334330;0,02894
InsertionSort;8800;38668661;19334330;0,029034
InsertionSort;8800;38668661;19334330;0,02932
InsertionSort;8800;38668661;19334330;0,028889
InsertionSort;8800;38668661;19334330;0,029216
InsertionSort;8800;38668661;19334330;0,028929
InsertionSort;8800;38668661;19334330;0,029189
InsertionSort;8800;38668661;19334330;0,028794
InsertionSort;8800;38668661;19334330;0,029158
InsertionSort;8800;38668661;19334330;0,029742
InsertionSort;8900;39514509;19757254;0,029855
InsertionSort;8900;39514509;19757254;0,030111
InsertionSort;8900;39514509;19757254;0,030683
InsertionSort;8900;39514509;19757254;0,030157
InsertionSort;8900;39514509;19757254;0,030135
InsertionSort;8900;39514509;19757254;0,03235
InsertionSort;8900;39514509;19757254;0,029803
InsertionSort;8900;39514509;19757254;0,030004
InsertionSort;8900;39514509;19757254;0,030583
InsertionSort;8900;39514509;19757254;0,030136
InsertionSort;9000;40276459;20138229;0,030302
InsertionSort;9000;40276459;20138229;0,030409
InsertionSort;9000;40276459;20138229;0,03075
InsertionSort;9000;40276459;20138229;0,030388
InsertionSort;9000;40276459;20138229;0,030289
InsertionSort;9000;40276459;20138229;0,031009
InsertionSort;9000;40276459;20138229;0,030476
InsertionSort;9000;40276459;20138229;0,031369
InsertionSort;9000;40276459;20138229;0,031566
InsertionSort;9000;40276459;20138229;0,03035
InsertionSort;9100;40713251;20356625;0,030382
InsertionSort;9100;40713251;20356625;0,030636
InsertionSort;9100;40713251;20356625;0,030655
InsertionSort;9100;40713251;20356625;0,030868
InsertionSort;9100;40713251;20356625;0,030833
InsertionSort;9100;40713251;20356625;0,030742
InsertionSort;9100;40713251;20356625;0,030615
InsertionSort;9100;40713251;20356625;0,03113
InsertionSort;9100;40713251;20356625;0,030437
InsertionSort;9100;40713251;20356625;0,031065
InsertionSort;9200;42089119;21044559;0,031969
InsertionSort;9200;42089119;21044559;0,03202
InsertionSort;9200;42089119;21044559;0,031553
InsertionSort;9200;42089119;21044559;0,032212
InsertionSort;9200;42089119;21044559;0,031656
InsertionSort;9200;42089119;21044559;0,032168
InsertionSort;9200;42089119;21044559;0,031453
InsertionSort;9200;42089119;21044559;0,031568
InsertionSort;9200;42089119;21044559;0,031831
InsertionSort;9200;42089119;21044559;0,032038
InsertionSort;9300;43236199;21618099;0,032489
InsertionSort;9300;43236199;21618099;0,032905
InsertionSort;9300;43236199;21618099;0,032822
InsertionSort;9300;43236199;21618099;0,03346
InsertionSort;9300;43236199;21618099;0,032518
InsertionSort;9300;43236199;21618099;0,032549
InsertionSort;9300;43236199;21618099;0,032634
InsertionSort;9300;43236199;21618099;0,032399
InsertionSort;9300;43236199;21618099;0,03283
InsertionSort;9300;43236199;21618099;0,033391
InsertionSort;9400;44306607;22153303;0,033318
InsertionSort;9400;44306607;22153303;0,033688
InsertionSort;9400;44306607;22153303;0,033509
InsertionSort;9400;44306607;22153303;0,033639
InsertionSort;9400;44306607;22153303;0,033594
InsertionSort;9400;44306607;22153303;0,033787
InsertionSort;9400;44306607;22153303;0,033644
InsertionSort;9400;44306607;22153303;0,033408
InsertionSort;9400;44306607;22153303;0,033655
InsertionSort;9400;44306607;22153303;0,034115
InsertionSort;9500;44560225;22280112;0,033565
InsertionSort;9500;44560225;22280112;0,033794
InsertionSort;9500;44560225;22280112;0,03338
InsertionSort;9500;44560225;22280112;0,03428
InsertionSort;9500;44560225;22280112;0,033672
InsertionSort;9500;44560225;22280112;0,033961
InsertionSort;9500;44560225;22280112;0,034229
InsertionSort;9500;44560225;22280112;0,033634
InsertionSort;9500;44560225;22280112;0,033586
InsertionSort;9500;44560225;22280112;0,033436
InsertionSort;9600;46462657;23231328;0,035052
InsertionSort;9600;46462657;23231328;0,035468
InsertionSort;9600;46462657;23231328;0,035399
InsertionSort;9600;46462657;23231328;0,035038
InsertionSort;9600;46462657;23231328;0,034928
InsertionSort;9600;46462657;23231328;0,03521
InsertionSort;9600;46462657;23231328;0,03526
InsertionSort;9600;46462657;23231328;0,034938
InsertionSort;9600;46462657;23231328;0,035465
InsertionSort;9600;46462657;23231328;0,035334
InsertionSort;9700;47036837;23518418;0,034894
InsertionSort;9700;47036837;23518418;0,035592
InsertionSort;9700;47036837;23518418;0,034888
InsertionSort;9700;47036837;23518418;0,035867
InsertionSort;9700;47036837;23518418;0,035267
InsertionSort;9700;47036837;23518418;0,035015
InsertionSort;9700;47036837;23518418;0,035767
InsertionSort;9700;47036837;23518418;0,035533
InsertionSort;9700;47036837;23518418;0,035202
InsertionSort;9700;47036837;23518418;0,035418
InsertionSort;9800;48342071;24171035;0,037052
InsertionSort;9800;48342071;24171035;0,036934
InsertionSort;9800;48342071;24171035;0,037131
InsertionSort;9800;48342071;24171035;0,036464
InsertionSort;9800;48342071;24171035;0,036279
InsertionSort;9800;48342071;24171035;0,036875
InsertionSort;9800;48342071;24171035;0,036575
InsertionSort;9800;48342071;24171035;0,036648
InsertionSort;9800;48342071;24171035;0,036346
InsertionSort;9800;48342071;24171035;0,036305
InsertionSort;9900;49018653;24509326;0,038544
InsertionSort;9900;49018653;24509326;0,03877
InsertionSort;9900;49018653;24509326;0,037834
InsertionSort;9900;49018653;24509326;0,039107
InsertionSort;9900;49018653;24509326;0,038642
InsertionSort;9900;49018653;24509326;0,03789
InsertionSort;9900;49018653;24509326;0,036932
InsertionSort;9900;49018653;24509326;0,039529
InsertionSort;9900;49018653;24509326;0,037669
InsertionSort;9900;49018653;24509326;0,037485
InsertionSort;10000;49747283;24873641;0,038903
InsertionSort;10000;49747283;24873641;0,037914
InsertionSort;10000;49747283;24873641;0,037389
InsertionSort;10000;49747283;24873641;0,037813
InsertionSort;10000;49747283;24873641;0,037288
InsertionSort;10000;49747283;24873641;0,037913
InsertionSort;10000;49747283;24873641;0,037634
InsertionSort;10000;49747283;24873641;0,037623
InsertionSort;10000;49747283;24873641;0,037671
InsertionSort;10000;49747283;24873641;0,037802
InsertionSort;100;5400;2749;0,000206
InsertionSort;100;5400;2749;0,000204
InsertionSort;100;5400;2749;0,000194
InsertionSort;100;5400;2749;0,0002
InsertionSort;100;5400;2749;0,000233
InsertionSort;100;5400;2749;0,000201
InsertionSort;100;5400;2749;0,000271
InsertionSort;100;5400;2749;0,000213
InsertionSort;100;5400;2749;0,000212
InsertionSort;100;5400;2749;0,000329
InsertionSort;200;20774;10486;0,000695
InsertionSort;200;20774;10486;0,001211
InsertionSort;200;20774;10486;0,000847
InsertionSort;200;20774;10486;0,001066
InsertionSort;200;20774;10486;0,000498
InsertionSort;200;20774;10486;0,000265
InsertionSort;200;20774;10486;0,000268
InsertionSort;200;20774;10486;0,000261
InsertionSort;200;20774;10486;0,000251
InsertionSort;200;20774;10486;0,000249
InsertionSort;300;46576;23437;0,000694
InsertionSort;300;46576;23437;0,000519
InsertionSort;300;46576;23437;0,000517
InsertionSort;300;46576;23437;0,000433
InsertionSort;300;46576;23437;0,000645
InsertionSort;300;46576;23437;0,000507
InsertionSort;300;46576;23437;0,000572
InsertionSort;300;46576;23437;0,000676
InsertionSort;300;46576;23437;0,00049
InsertionSort;300;46576;23437;0,000496
InsertionSort;400;80278;40338;0,001289
InsertionSort;400;80278;40338;0,00074
InsertionSort;400;80278;40338;0,000433
InsertionSort;400;80278;40338;0,000421
InsertionSort;400;80278;40338;0,00042
InsertionSort;400;80278;40338;0,000456
InsertionSort;400;80278;40338;0,000401
InsertionSort;400;80278;40338;0,000424
InsertionSort;400;80278;40338;0,000421
InsertionSort;400;80278;40338;0,000409
InsertionSort;500;118900;59699;0,002986
InsertionSort;500;118900;59699;0,000197
InsertionSort;500;118900;59699;0,000188
InsertionSort;500;118900;59699;0,000191
InsertionSort;500;118900;59699;0,000151
InsertionSort;500;118900;59699;0,000158
InsertionSort;500;118900;59699;0,000199
InsertionSort;500;118900;59699;0,00017
InsertionSort;500;118900;59699;0,000173
InsertionSort;500;118900;59699;0,000162
InsertionSort;600;172620;86609;0,000252
InsertionSort;600;172620;86609;0,000244
InsertionSort;600;172620;86609;0,000266
InsertionSort;600;172620;86609;0,000229
InsertionSort;600;172620;86609;0,000222
InsertionSort;600;172620;86609;0,00022
InsertionSort;600;172620;86609;0,000142
InsertionSort;600;172620;86609;0,000231
InsertionSort;600;172620;86609;0,000142
InsertionSort;600;172620;86609;0,000144
InsertionSort;700;238808;119753;0,000352
InsertionSort;700;238808;119753;0,000348
InsertionSort;700;238808;119753;0,00036
InsertionSort;700;238808;119753;0,000293
InsertionSort;700;238808;119753;0,00035
InsertionSort;700;238808;119753;0,000367
InsertionSort;700;238808;119753;0,00048
InsertionSort;700;238808;119753;0,000341
InsertionSort;700;238808;119753;0,000356
InsertionSort;700;238808;119753;0,000201
InsertionSort;800;314750;157774;0,001279
InsertionSort;800;314750;157774;0,000435
InsertionSort;800;314750;157774;0,000415
InsertionSort;800;314750;157774;0,000469
InsertionSort;800;314750;157774;0,000568
InsertionSort;800;314750;157774;0,000584
InsertionSort;800;314750;157774;0,0004
InsertionSort;800;314750;157774;0,000574
InsertionSort;800;314750;157774;0,00038
InsertionSort;800;314750;157774;0,00041
InsertionSort;900;407874;204386;0,000979
InsertionSort;900;407874;204386;0,000763
InsertionSort;900;407874;204386;0,000761
InsertionSort;900;407874;204386;0,000647
InsertionSort;900;407874;204386;0,000613
InsertionSort;900;407874;204386;0,000779
InsertionSort;900;407874;204386;0,000688
InsertionSort;900;407874;204386;0,001428
InsertionSort;900;407874;204386;0,000594
InsertionSort;900;407874;204386;0,000554
InsertionSort;1000;491354;246176;0,00107
InsertionSort;1000;491354;246176;0,000969
InsertionSort;1000;491354;246176;0,000943
InsertionSort;1000;491354;246176;0,000764
InsertionSort;1000;491354;246176;0,000875
InsertionSort;1000;491354;246176;0,000975
InsertionSort;1000;491354;246176;0,00073
InsertionSort;1000;491354;246176;0,000775
InsertionSort;1000;491354;246176;0,000711
InsertionSort;1000;491354;246176;0,000775
InsertionSort;1100;594658;297878;0,000883
InsertionSort;1100;594658;297878;0,000797
InsertionSort;1100;594658;297878;0,000903
InsertionSort;1100;594658;297878;0,000863
InsertionSort;1100;594658;297878;0,00105
InsertionSort;1100;594658;297878;0,000821
InsertionSort;1100;594658;297878;0,000819
InsertionSort;1100;594658;297878;0,000881
InsertionSort;1100;594658;297878;0,000882
InsertionSort;1100;594658;297878;0,000506
InsertionSort;1200;712996;357097;0,000932
InsertionSort;1200;712996;357097;0,001084
InsertionSort;1200;712996;357097;0,001008
InsertionSort;1200;712996;357097;0,0011
InsertionSort;1200;712996;357097;0,001005
InsertionSort;1200;712996;357097;0,001031
InsertionSort;1200;712996;357097;0,000607
InsertionSort;1200;712996;357097;0,000619
InsertionSort;1200;712996;357097;0,000613
InsertionSort;1200;712996;357097;0,001501
InsertionSort;1300;869548;435423;0,001307
InsertionSort;1300;869548;435423;0,001066
InsertionSort;1300;869548;435423;0,000995
InsertionSort;1300;869548;435423;0,001176
InsertionSort;1300;869548;435423;0,001221
InsertionSort;1300;869548;435423;0,001193
InsertionSort;1300;869548;435423;0,001194
InsertionSort;1300;869548;435423;0,001491
InsertionSort;1300;869548;435423;0,001085
InsertionSort;1300;869548;435423;0,00155
InsertionSort;1400;959624;480511;0,001734
InsertionSort;1400;959624;480511;0,001618
InsertionSort;1400;959624;480511;0,001217
InsertionSort;1400;959624;480511;0,000764
InsertionSort;1400;959624;480511;0,000934
InsertionSort;1400;959624;480511;0,00135
InsertionSort;1400;959624;480511;0,001438
InsertionSort;1400;959624;480511;0,001362
InsertionSort;1400;959624;480511;0,001432
InsertionSort;1400;959624;480511;0,001607
InsertionSort;1500;1138234;569866;0,002078
InsertionSort;1500;1138234;569866;0,00164
InsertionSort;1500;1138234;569866;0,002
InsertionSort;1500;1138234;569866;0,002774
InsertionSort;1500;1138234;569866;0,000913
InsertionSort;1500;1138234;569866;0,001615
InsertionSort;1500;1138234;569866;0,002118
InsertionSort;1500;1138234;569866;0,001936
InsertionSort;1500;1138234;569866;0,000918
InsertionSort;1500;1138234;569866;0,001052
InsertionSort;1600;1283164;642381;0,002028
InsertionSort;1600;1283164;642381;0,002229
InsertionSort;1600;1283164;642381;0,00169
InsertionSort;1600;1283164;642381;0,002145
InsertionSort;1600;1283164;642381;0,001118
InsertionSort;1600;1283164;642381;0,001087
InsertionSort;1600;1283164;642381;0,001154
InsertionSort;1600;1283164;642381;0,001342
InsertionSort;1600;1283164;642381;0,002156
InsertionSort;1600;1283164;642381;0,002094
InsertionSort;1700;1488446;745072;0,002646
InsertionSort;1700;1488446;745072;0,00125
InsertionSort;1700;1488446;745072;0,001174
InsertionSort;1700;1488446;745072;0,001243
InsertionSort;1700;1488446;745072;0,001502
InsertionSort;1700;1488446;745072;0,001142
InsertionSort;1700;1488446;745072;0,001136
InsertionSort;1700;1488446;745072;0,001148
InsertionSort;1700;1488446;745072;0,001136
InsertionSort;1700;1488446;745072;0,001165
InsertionSort;1800;1608926;805362;0,001321
InsertionSort;1800;1608926;805362;0,001255
InsertionSort;1800;1608926;805362;0,001245
InsertionSort;1800;1608926;805362;0,001234
InsertionSort;1800;1608926;805362;0,00123
InsertionSort;1800;1608926;805362;0,001242
InsertionSort;1800;1608926;805362;0,001259
InsertionSort;1800;1608926;805362;0,001245
InsertionSort;1800;1608926;805362;0,002169
InsertionSort;1800;1608926;805362;0,002251
InsertionSort;1900;1752106;877002;0,001761
InsertionSort;1900;1752106;877002;0,001773
InsertionSort;1900;1752106;877002;0,001564
InsertionSort;1900;1752106;877002;0,00165
InsertionSort;1900;1752106;877002;0,001417
InsertionSort;1900;1752106;877002;0,001404
InsertionSort;1900;1752106;877002;0,00141
InsertionSort;1900;1752106;877002;0,001403
InsertionSort;1900;1752106;877002;0,001814
InsertionSort;1900;1752106;877002;0,002634
InsertionSort;2000;2016544;1009271;0,001816
InsertionSort;2000;2016544;1009271;0,002078
InsertionSort;2000;2016544;1009271;0,00255
InsertionSort;2000;2016544;1009271;0,002085
InsertionSort;2000;2016544;1009271;0,002542
InsertionSort;2000;2016544;1009271;0,002814
InsertionSort;2000;2016544;1009271;0,003025
InsertionSort;2000;2016544;1009271;0,003028
InsertionSort;2000;2016544;1009271;0,002988
InsertionSort;2000;2016544;1009271;0,002972
InsertionSort;2100;2200934;1101516;0,003156
InsertionSort;2100;2200934;1101516;0,00323
InsertionSort;2100;2200934;1101516;0,003218
InsertionSort;2100;2200934;1101516;0,003294
InsertionSort;2100;2200934;1101516;0,003224
InsertionSort;2100;2200934;1101516;0,003166
InsertionSort;2100;2200934;1101516;0,003263
InsertionSort;2100;2200934;1101516;0,00323
InsertionSort;2100;2200934;1101516;0,00322
InsertionSort;2100;2200934;1101516;0,003216
InsertionSort;2200;2404798;1203498;0,003516
InsertionSort;2200;2404798;1203498;0,004329
InsertionSort;2200;2404798;1203498;0,003221
InsertionSort;2200;2404798;1203498;0,002356
InsertionSort;2200;2404798;1203498;0,002802
InsertionSort;2200;2404798;1203498;0,002234
InsertionSort;2200;2404798;1203498;0,001874
InsertionSort;2200;2404798;1203498;0,001875
InsertionSort;2200;2404798;1203498;0,002168
InsertionSort;2200;2404798;1203498;0,001891
InsertionSort;2300;2647376;1324837;0,003278
InsertionSort;2300;2647376;1324837;0,003007
InsertionSort;2300;2647376;1324837;0,002319
InsertionSort;2300;2647376;1324837;0,002189
InsertionSort;2300;2647376;1324837;0,002185
InsertionSort;2300;2647376;1324837;0,002072
InsertionSort;2300;2647376;1324837;0,002073
InsertionSort;2300;2647376;1324837;0,002093
InsertionSort;2300;2647376;1324837;0,002144
InsertionSort;2300;2647376;1324837;0,002242
InsertionSort;2400;2907570;1454984;0,002261
InsertionSort;2400;2907570;1454984;0,002226
InsertionSort;2400;2907570;1454984;0,002238
InsertionSort;2400;2907570;1454984;0,002686
InsertionSort;2400;2907570;1454984;0,002222
InsertionSort;2400;2907570;1454984;0,002792
InsertionSort;2400;2907570;1454984;0,002218
InsertionSort;2400;2907570;1454984;0,003798
InsertionSort;2400;2907570;1454984;0,002334
InsertionSort;2400;2907570;1454984;0,004185
InsertionSort;2500;3125086;1563792;0,003741
InsertionSort;2500;3125086;1563792;0,002925
InsertionSort;2500;3125086;1563792;0,004478
InsertionSort;2500;3125086;1563792;0,004218
InsertionSort;2500;3125086;1563792;0,004726
InsertionSort;2500;3125086;1563792;0,004295
InsertionSort;2500;3125086;1563792;0,002552
InsertionSort;2500;3125086;1563792;0,002387
InsertionSort;2500;3125086;1563792;0,002371
InsertionSort;2500;3125086;1563792;0,003855
InsertionSort;2600;3388350;1695474;0,002593
InsertionSort;2600;3388350;1695474;0,002603
InsertionSort;2600;3388350;1695474;0,002647
InsertionSort;2600;3388350;1695474;0,003318
InsertionSort;2600;3388350;1695474;0,003142
InsertionSort;2600;3388350;1695474;0,002628
InsertionSort;2600;3388350;1695474;0,00259
InsertionSort;2600;3388350;1695474;0,002567
InsertionSort;2600;3388350;1695474;0,003003
InsertionSort;2600;3388350;1695474;0,003704
InsertionSort;2700;3664660;1833679;0,002789
InsertionSort;2700;3664660;1833679;0,003526
InsertionSort;2700;3664660;1833679;0,002771
InsertionSort;2700;3664660;1833679;0,002768
InsertionSort;2700;3664660;1833679;0,002769
InsertionSort;2700;3664660;1833679;0,00283
InsertionSort;2700;3664660;1833679;0,002785
InsertionSort;2700;3664660;1833679;0,002774
InsertionSort;2700;3664660;1833679;0,002774
InsertionSort;2700;3664660;1833679;0,002775
InsertionSort;2800;3903836;1953317;0,003028
InsertionSort;2800;3903836;1953317;0,003652
InsertionSort;2800;3903836;1953317;0,002969
InsertionSort;2800;3903836;1953317;0,002946
InsertionSort;2800;3903836;1953317;0,002954
InsertionSort;2800;3903836;1953317;0,002956
InsertionSort;2800;3903836;1953317;0,00301
InsertionSort;2800;3903836;1953317;0,00296
InsertionSort;2800;3903836;1953317;0,00295
InsertionSort;2800;3903836;1953317;0,002955
InsertionSort;2900;4202756;2102827;0,0032
InsertionSort;2900;4202756;2102827;0,003233
InsertionSort;2900;4202756;2102827;0,003125
InsertionSort;2900;4202756;2102827;0,003141
InsertionSort;2900;4202756;2102827;0,003138
InsertionSort;2900;4202756;2102827;0,003159
InsertionSort;2900;4202756;2102827;0,003171
InsertionSort;2900;4202756;2102827;0,003148
InsertionSort;2900;4202756;2102827;0,003112
InsertionSort;2900;4202756;2102827;0,003147
InsertionSort;3000;4615026;2309012;0,003675
InsertionSort;3000;4615026;2309012;0,003646
InsertionSort;3000;4615026;2309012;0,003502
InsertionSort;3000;4615026;2309012;0,005653
InsertionSort;3000;4615026;2309012;0,006402
InsertionSort;3000;4615026;2309012;0,003655
InsertionSort;3000;4615026;2309012;0,003574
InsertionSort;3000;4615026;2309012;0,003751
InsertionSort;3000;4615026;2309012;0,004075
InsertionSort;3000;4615026;2309012;0,006058
InsertionSort;3100;4826048;2414573;0,004178
InsertionSort;3100;4826048;2414573;0,004222
InsertionSort;3100;4826048;2414573;0,003817
InsertionSort;3100;4826048;2414573;0,00377
InsertionSort;3100;4826048;2414573;0,003737
InsertionSort;3100;4826048;2414573;0,003805
InsertionSort;3100;4826048;2414573;0,00694
InsertionSort;3100;4826048;2414573;0,003745
InsertionSort;3100;4826048;2414573;0,005986
InsertionSort;3100;4826048;2414573;0,006126
InsertionSort;3200;5166026;2584612;0,007539
InsertionSort;3200;5166026;2584612;0,005011
InsertionSort;3200;5166026;2584612;0,004009
InsertionSort;3200;5166026;2584612;0,003938
InsertionSort;3200;5166026;2584612;0,00463
InsertionSort;3200;5166026;2584612;0,00819
InsertionSort;3200;5166026;2584612;0,007755
InsertionSort;3200;5166026;2584612;0,00774
InsertionSort;3200;5166026;2584612;0,00848
InsertionSort;3200;5166026;2584612;0,007956
InsertionSort;3300;5422666;2712982;0,007905
InsertionSort;3300;5422666;2712982;0,007802
InsertionSort;3300;5422666;2712982;0,007788
InsertionSort;3300;5422666;2712982;0,007896
InsertionSort;3300;5422666;2712982;0,00806
InsertionSort;3300;5422666;2712982;0,00581
InsertionSort;3300;5422666;2712982;0,004988
InsertionSort;3300;5422666;2712982;0,006376
InsertionSort;3300;5422666;2712982;0,00628
InsertionSort;3300;5422666;2712982;0,00763
InsertionSort;3400;5831470;2917434;0,006073
InsertionSort;3400;5831470;2917434;0,008593
InsertionSort;3400;5831470;2917434;0,006355
InsertionSort;3400;5831470;2917434;0,00704
InsertionSort;3400;5831470;2917434;0,004555
InsertionSort;3400;5831470;2917434;0,005894
InsertionSort;3400;5831470;2917434;0,008161
InsertionSort;3400;5831470;2917434;0,007804
InsertionSort;3400;5831470;2917434;0,004579
InsertionSort;3400;5831470;2917434;0,007545
InsertionSort;3500;6158094;3080796;0,006999
InsertionSort;3500;6158094;3080796;0,006545
InsertionSort;3500;6158094;3080796;0,008434
InsertionSort;3500;6158094;3080796;0,008766
InsertionSort;3500;6158094;3080796;0,007928
InsertionSort;3500;6158094;3080796;0,00811
InsertionSort;3500;6158094;3080796;0,00515
InsertionSort;3500;6158094;3080796;0,007837
InsertionSort;3500;6158094;3080796;0,00889
InsertionSort;3500;6158094;3080796;0,00588
InsertionSort;3600;6456858;3230228;0,006611
InsertionSort;3600;6456858;3230228;0,004941
InsertionSort;3600;6456858;3230228;0,004909
InsertionSort;3600;6456858;3230228;0,006853
InsertionSort;3600;6456858;3230228;0,007101
InsertionSort;3600;6456858;3230228;0,005237
InsertionSort;3600;6456858;3230228;0,006099
InsertionSort;3600;6456858;3230228;0,009269
InsertionSort;3600;6456858;3230228;0,009367
InsertionSort;3600;6456858;3230228;0,007408
InsertionSort;3700;6657818;3330758;0,005074
InsertionSort;3700;6657818;3330758;0,008102
InsertionSort;3700;6657818;3330758;0,005086
InsertionSort;3700;6657818;3330758;0,005141
InsertionSort;3700;6657818;3330758;0,005152
InsertionSort;3700;6657818;3330758;0,005112
InsertionSort;3700;6657818;3330758;0,005134
InsertionSort;3700;6657818;3330758;0,005086
InsertionSort;3700;6657818;3330758;0,005069
InsertionSort;3700;6657818;3330758;0,005069
InsertionSort;3800;7228792;3616295;0,005537
InsertionSort;3800;7228792;3616295;0,005476
InsertionSort;3800;7228792;3616295;0,005527
InsertionSort;3800;7228792;3616295;0,005519
InsertionSort;3800;7228792;3616295;0,005994
InsertionSort;3800;7228792;3616295;0,006061
InsertionSort;3800;7228792;3616295;0,006165
InsertionSort;3800;7228792;3616295;0,005518
InsertionSort;3800;7228792;3616295;0,005791
InsertionSort;3800;7228792;3616295;0,00547
InsertionSort;3900;7609548;3806723;0,005776
InsertionSort;3900;7609548;3806723;0,008274
InsertionSort;3900;7609548;3806723;0,011027
InsertionSort;3900;7609548;3806723;0,012289
InsertionSort;3900;7609548;3806723;0,007164
InsertionSort;3900;7609548;3806723;0,005747
InsertionSort;3900;7609548;3806723;0,006066
InsertionSort;3900;7609548;3806723;0,005893
InsertionSort;3900;7609548;3806723;0,005778
InsertionSort;3900;7609548;3806723;0,005901
InsertionSort;4000;8023658;4013828;0,006366
InsertionSort;4000;8023658;4013828;0,00623
InsertionSort;4000;8023658;4013828;0,006202
InsertionSort;4000;8023658;4013828;0,006104
InsertionSort;4000;8023658;4013828;0,006099
InsertionSort;4000;8023658;4013828;0,007714
InsertionSort;4000;8023658;4013828;0,006141
InsertionSort;4000;8023658;4013828;0,008675
InsertionSort;4000;8023658;4013828;0,011599
InsertionSort;4000;8023658;4013828;0,006235
InsertionSort;4100;8480202;4242150;0,006553
InsertionSort;4100;8480202;4242150;0,009951
InsertionSort;4100;8480202;4242150;0,00769
InsertionSort;4100;8480202;4242150;0,010921
InsertionSort;4100;8480202;4242150;0,010375
InsertionSort;4100;8480202;4242150;0,007391
InsertionSort;4100;8480202;4242150;0,006656
InsertionSort;4100;8480202;4242150;0,006902
InsertionSort;4100;8480202;4242150;0,00663
InsertionSort;4100;8480202;4242150;0,010064
InsertionSort;4200;8831550;4417874;0,007069
InsertionSort;4200;8831550;4417874;0,007365
InsertionSort;4200;8831550;4417874;0,007332
InsertionSort;4200;8831550;4417874;0,009809
InsertionSort;4200;8831550;4417874;0,009377
InsertionSort;4200;8831550;4417874;0,009338
InsertionSort;4200;8831550;4417874;0,00689
InsertionSort;4200;8831550;4417874;0,007152
InsertionSort;4200;8831550;4417874;0,006747
InsertionSort;4200;8831550;4417874;0,007044
InsertionSort;4300;9327782;4666040;0,008393
InsertionSort;4300;9327782;4666040;0,012914
InsertionSort;4300;9327782;4666040;0,009054
InsertionSort;4300;9327782;4666040;0,012677
InsertionSort;4300;9327782;4666040;0,007907
InsertionSort;4300;9327782;4666040;0,008256
InsertionSort;4300;9327782;4666040;0,008579
InsertionSort;4300;9327782;4666040;0,007339
InsertionSort;4300;9327782;4666040;0,007329
InsertionSort;4300;9327782;4666040;0,007316
InsertionSort;4400;9694076;4849237;0,007435
InsertionSort;4400;9694076;4849237;0,007472
InsertionSort;4400;9694076;4849237;0,007811
InsertionSort;4400;9694076;4849237;0,008181
InsertionSort;4400;9694076;4849237;0,007554
InsertionSort;4400;9694076;4849237;0,007499
InsertionSort;4400;9694076;4849237;0,007979
InsertionSort;4400;9694076;4849237;0,007489
InsertionSort;4400;9694076;4849237;0,007854
InsertionSort;4400;9694076;4849237;0,01384
InsertionSort;4500;10168356;5086427;0,014107
InsertionSort;4500;10168356;5086427;0,010395
InsertionSort;4500;10168356;5086427;0,007769
InsertionSort;4500;10168356;5086427;0,007745
InsertionSort;4500;10168356;5086427;0,007753
InsertionSort;4500;10168356;5086427;0,007865
InsertionSort;4500;10168356;5086427;0,007929
InsertionSort;4500;10168356;5086427;0,007985
InsertionSort;4500;10168356;5086427;0,008213
InsertionSort;4500;10168356;5086427;0,008027
InsertionSort;4600;10576220;5290409;0,008123
InsertionSort;4600;10576220;5290409;0,008371
InsertionSort;4600;10576220;5290409;0,007963
InsertionSort;4600;10576220;5290409;0,008131
InsertionSort;4600;10576220;5290409;0,008284
InsertionSort;4600;10576220;5290409;0,00831
InsertionSort;4600;10576220;5290409;0,008211
InsertionSort;4600;10576220;5290409;0,008071
InsertionSort;4600;10576220;5290409;0,00835
InsertionSort;4600;10576220;5290409;0,008503
InsertionSort;4700;11169782;5587240;0,008398
InsertionSort;4700;11169782;5587240;0,009075
InsertionSort;4700;11169782;5587240;0,008719
InsertionSort;4700;11169782;5587240;0,008397
InsertionSort;4700;11169782;5587240;0,008454
InsertionSort;4700;11169782;5587240;0,008661
InsertionSort;4700;11169782;5587240;0,008391
InsertionSort;4700;11169782;5587240;0,008469
InsertionSort;4700;11169782;5587240;0,008367
InsertionSort;4700;11169782;5587240;0,008355
InsertionSort;4800;11604666;5804732;0,009011
InsertionSort;4800;11604666;5804732;0,008699
InsertionSort;4800;11604666;5804732;0,008892
InsertionSort;4800;11604666;5804732;0,008783
InsertionSort;4800;11604666;5804732;0,008829
InsertionSort;4800;11604666;5804732;0,009422
InsertionSort;4800;11604666;5804732;0,009051
InsertionSort;4800;11604666;5804732;0,009005
InsertionSort;4800;11604666;5804732;0,008842
InsertionSort;4800;11604666;5804732;0,008819
InsertionSort;4900;12096096;6050497;0,009087
InsertionSort;4900;12096096;6050497;0,009177
InsertionSort;4900;12096096;6050497;0,009235
InsertionSort;4900;12096096;6050497;0,009248
InsertionSort;4900;12096096;6050497;0,009356
InsertionSort;4900;12096096;6050497;0,009108
InsertionSort;4900;12096096;6050497;0,009034
InsertionSort;4900;12096096;6050497;0,009108
InsertionSort;4900;12096096;6050497;0,009268
InsertionSort;4900;12096096;6050497;0,009265
InsertionSort;5000;12609754;6307376;0,009576
InsertionSort;5000;12609754;6307376;0,009711
InsertionSort;5000;12609754;6307376;0,009768
InsertionSort;5000;12609754;6307376;0,009831
InsertionSort;5000;12609754;6307376;0,009709
InsertionSort;5000;12609754;6307376;0,009558
InsertionSort;5000;12609754;6307376;0,009463
InsertionSort;5000;12609754;6307376;0,009713
InsertionSort;5000;12609754;6307376;0,009562
InsertionSort;5000;12609754;6307376;0,009664
InsertionSort;5100;12785474;6395286;0,009643
InsertionSort;5100;12785474;6395286;0,009807
InsertionSort;5100;12785474;6395286;0,010639
InsertionSort;5100;12785474;6395286;0,01036
InsertionSort;5100;12785474;6395286;0,010245
InsertionSort;5100;12785474;6395286;0,009777
InsertionSort;5100;12785474;6395286;0,009972
InsertionSort;5100;12785474;6395286;0,009867
InsertionSort;5100;12785474;6395286;0,009731
InsertionSort;5100;12785474;6395286;0,009562
InsertionSort;5200;13648138;6826668;0,010493
InsertionSort;5200;13648138;6826668;0,010469
InsertionSort;5200;13648138;6826668;0,010254
InsertionSort;5200;13648138;6826668;0,010212
InsertionSort;5200;13648138;6826668;0,010604
InsertionSort;5200;13648138;6826668;0,010341
InsertionSort;5200;13648138;6826668;0,010419
InsertionSort;5200;13648138;6826668;0,010762
InsertionSort;5200;13648138;6826668;0,010332
InsertionSort;5200;13648138;6826668;0,010397
InsertionSort;5300;13866292;6935795;0,010472
InsertionSort;5300;13866292;6935795;0,010887
InsertionSort;5300;13866292;6935795;0,010555
InsertionSort;5300;13866292;6935795;0,011061
InsertionSort;5300;13866292;6935795;0,010543
InsertionSort;5300;13866292;6935795;0,0106
InsertionSort;5300;13866292;6935795;0,010538
InsertionSort;5300;13866292;6935795;0,01105
InsertionSort;5300;13866292;6935795;0,01065
InsertionSort;5300;13866292;6935795;0,010563
InsertionSort;5400;14761240;7383319;0,011204
InsertionSort;5400;14761240;7383319;0,011242
InsertionSort;5400;14761240;7383319;0,011668
InsertionSort;5400;14761240;7383319;0,011295
InsertionSort;5400;14761240;7383319;0,011149
InsertionSort;5400;14761240;7383319;0,011382
InsertionSort;5400;14761240;7383319;0,011225
InsertionSort;5400;14761240;7383319;0,011232
InsertionSort;5400;14761240;7383319;0,011291
InsertionSort;5400;14761240;7383319;0,011665
InsertionSort;5500;15054694;7530096;0,011423
InsertionSort;5500;15054694;7530096;0,011437
InsertionSort;5500;15054694;7530096;0,011476
InsertionSort;5500;15054694;7530096;0,011479
InsertionSort;5500;15054694;7530096;0,011636
InsertionSort;5500;15054694;7530096;0,01143
InsertionSort;5500;15054694;7530096;0,011437
InsertionSort;5500;15054694;7530096;0,011343
InsertionSort;5500;15054694;7530096;0,011668
InsertionSort;5500;15054694;7530096;0,011753
InsertionSort;5600;15761700;7883649;0,011988
InsertionSort;5600;15761700;7883649;0,012134
InsertionSort;5600;15761700;7883649;0,012434
InsertionSort;5600;15761700;7883649;0,012119
InsertionSort;5600;15761700;7883649;0,011952
InsertionSort;5600;15761700;7883649;0,012506
InsertionSort;5600;15761700;7883649;0,012243
InsertionSort;5600;15761700;7883649;0,012159
InsertionSort;5600;15761700;7883649;0,0121
InsertionSort;5600;15761700;7883649;0,012102
InsertionSort;5700;16305122;8155410;0,012384
InsertionSort;5700;16305122;8155410;0,012405
InsertionSort;5700;16305122;8155410;0,012295
InsertionSort;5700;16305122;8155410;0,012299
InsertionSort;5700;16305122;8155410;0,012526
InsertionSort;5700;16305122;8155410;0,012607
InsertionSort;5700;16305122;8155410;0,012384
InsertionSort;5700;16305122;8155410;0,012314
InsertionSort;5700;16305122;8155410;0,012611
InsertionSort;5700;16305122;8155410;0,012528
InsertionSort;5800;16901930;8453864;0,012766
InsertionSort;5800;16901930;8453864;0,012982
InsertionSort;5800;16901930;8453864;0,013374
InsertionSort;5800;16901930;8453864;0,013349
InsertionSort;5800;16901930;8453864;0,012935
InsertionSort;5800;16901930;8453864;0,012853
InsertionSort;5800;16901930;8453864;0,013012
InsertionSort;5800;16901930;8453864;0,013033
InsertionSort;5800;16901930;8453864;0,012979
InsertionSort;5800;16901930;8453864;0,012808
InsertionSort;5900;17668278;8837088;0,013381
InsertionSort;5900;17668278;8837088;0,013591
InsertionSort;5900;17668278;8837088;0,013415
InsertionSort;5900;17668278;8837088;0,01339
InsertionSort;5900;17668278;8837088;0,013918
InsertionSort;5900;17668278;8837088;0,013367
InsertionSort;5900;17668278;8837088;0,013538
InsertionSort;5900;17668278;8837088;0,013364
InsertionSort;5900;17668278;8837088;0,013686
InsertionSort;5900;17668278;8837088;0,0134
InsertionSort;6000;17812614;8909306;0,013417
InsertionSort;6000;17812614;8909306;0,013615
InsertionSort;6000;17812614;8909306;0,013964
InsertionSort;6000;17812614;8909306;0,014098
InsertionSort;6000;17812614;8909306;0,013551
InsertionSort;6000;17812614;8909306;0,01389
InsertionSort;6000;17812614;8909306;0,013515
InsertionSort;6000;17812614;8909306;0,013661
InsertionSort;6000;17812614;8909306;0,0135
InsertionSort;6000;17812614;8909306;0,013588
InsertionSort;6100;18904288;9455193;0,014319
InsertionSort;6100;18904288;9455193;0,014735
InsertionSort;6100;18904288;9455193;0,015265
InsertionSort;6100;18904288;9455193;0,014323
InsertionSort;6100;18904288;9455193;0,014612
InsertionSort;6100;18904288;9455193;0,015289
InsertionSort;6100;18904288;9455193;0,014682
InsertionSort;6100;18904288;9455193;0,01461
InsertionSort;6100;18904288;9455193;0,014258
InsertionSort;6100;18904288;9455193;0,015023
InsertionSort;6200;19274692;9640445;0,014637
InsertionSort;6200;19274692;9640445;0,0148
InsertionSort;6200;19274692;9640445;0,014612
InsertionSort;6200;19274692;9640445;0,014678
InsertionSort;6200;19274692;9640445;0,01473
InsertionSort;6200;19274692;9640445;0,014887
InsertionSort;6200;19274692;9640445;0,015228
InsertionSort;6200;19274692;9640445;0,014565
InsertionSort;6200;19274692;9640445;0,014788
InsertionSort;6200;19274692;9640445;0,014835
InsertionSort;6300;19779032;9892665;0,01497
InsertionSort;6300;19779032;9892665;0,014964
InsertionSort;6300;19779032;9892665;0,015032
InsertionSort;6300;19779032;9892665;0,015182
InsertionSort;6300;19779032;9892665;0,014988
InsertionSort;6300;19779032;9892665;0,014899
InsertionSort;6300;19779032;9892665;0,015223
InsertionSort;6300;19779032;9892665;0,015238
InsertionSort;6300;19779032;9892665;0,015066
InsertionSort;6300;19779032;9892665;0,01524
InsertionSort;6400;20624546;10315472;0,015558
InsertionSort;6400;20624546;10315472;0,015664
InsertionSort;6400;20624546;10315472;0,015596
InsertionSort;6400;20624546;10315472;0,015863
InsertionSort;6400;20624546;10315472;0,015612
InsertionSort;6400;20624546;10315472;0,016091
InsertionSort;6400;20624546;10315472;0,015715
InsertionSort;6400;20624546;10315472;0,015497
InsertionSort;6400;20624546;10315472;0,015816
InsertionSort;6400;20624546;10315472;0,015688
InsertionSort;6500;21003326;10504912;0,015835
InsertionSort;6500;21003326;10504912;0,016029
InsertionSort;6500;21003326;10504912;0,016945
InsertionSort;6500;21003326;10504912;0,015868
InsertionSort;6500;21003326;10504912;0,016032
InsertionSort;6500;21003326;10504912;0,015955
InsertionSort;6500;21003326;10504912;0,015915
InsertionSort;6500;21003326;10504912;0,01611
InsertionSort;6500;21003326;10504912;0,016153
InsertionSort;6500;21003326;10504912;0,01686
InsertionSort;6600;21860790;10933694;0,016454
InsertionSort;6600;21860790;10933694;0,016495
InsertionSort;6600;21860790;10933694;0,017003
InsertionSort;6600;21860790;10933694;0,017501
InsertionSort;6600;21860790;10933694;0,01692
InsertionSort;6600;21860790;10933694;0,016498
InsertionSort;6600;21860790;10933694;0,016467
InsertionSort;6600;21860790;10933694;0,016958
InsertionSort;6600;21860790;10933694;0,016819
InsertionSort;6600;21860790;10933694;0,016605
InsertionSort;6700;22350452;11178575;0,016938
InsertionSort;6700;22350452;11178575;0,01675
InsertionSort;6700;22350452;11178575;0,018327
InsertionSort;6700;22350452;11178575;0,016913
InsertionSort;6700;22350452;11178575;0,017227
InsertionSort;6700;22350452;11178575;0,017185
InsertionSort;6700;22350452;11178575;0,016977
InsertionSort;6700;22350452;11178575;0,016833
InsertionSort;6700;22350452;11178575;0,017033
InsertionSort;6700;22350452;11178575;0,017021
InsertionSort;6800;23109228;11558013;0,017491
InsertionSort;6800;23109228;11558013;0,017594
InsertionSort;6800;23109228;11558013;0,019115
InsertionSort;6800;23109228;11558013;0,017521
InsertionSort;6800;23109228;11558013;0,01782
InsertionSort;6800;23109228;11558013;0,017513
InsertionSort;6800;23109228;11558013;0,018407
InsertionSort;6800;23109228;11558013;0,017575
InsertionSort;6800;23109228;11558013;0,017693
InsertionSort;6800;23109228;11558013;0,017886
InsertionSort;6900;23776732;11891815;0,017948
InsertionSort;6900;23776732;11891815;0,018257
InsertionSort;6900;23776732;11891815;0,018637
InsertionSort;6900;23776732;11891815;0,017913
InsertionSort;6900;23776732;11891815;0,018173
InsertionSort;6900;23776732;11891815;0,018073
InsertionSort;6900;23776732;11891815;0,018466
InsertionSort;6900;23776732;11891815;0,017812
InsertionSort;6900;23776732;11891815;0,018031
InsertionSort;6900;23776732;11891815;0,017961
InsertionSort;7000;24322614;12164806;0,018648
InsertionSort;7000;24322614;12164806;0,019105
InsertionSort;7000;24322614;12164806;0,01892
InsertionSort;7000;24322614;12164806;0,019782
InsertionSort;7000;24322614;12164806;0,01852
InsertionSort;7000;24322614;12164806;0,021287
InsertionSort;7000;24322614;12164806;0,018852
InsertionSort;7000;24322614;12164806;0,018349
InsertionSort;7000;24322614;12164806;0,018456
InsertionSort;7000;24322614;12164806;0,018593
InsertionSort;7100;25411820;12709459;0,018963
InsertionSort;7100;25411820;12709459;0,033299
InsertionSort;7100;25411820;12709459;0,019051
InsertionSort;7100;25411820;12709459;0,01957
InsertionSort;7100;25411820;12709459;0,019755
InsertionSort;7100;25411820;12709459;0,019376
InsertionSort;7100;25411820;12709459;0,019933
InsertionSort;7100;25411820;12709459;0,019578
InsertionSort;7100;25411820;12709459;0,020148
InsertionSort;7100;25411820;12709459;0,019273
InsertionSort;7200;25959974;12983586;0,019572
InsertionSort;7200;25959974;12983586;0,019569
InsertionSort;7200;25959974;12983586;0,020052
InsertionSort;7200;25959974;12983586;0,02054
InsertionSort;7200;25959974;12983586;0,022311
InsertionSort;7200;25959974;12983586;0,020279
InsertionSort;7200;25959974;12983586;0,01967
InsertionSort;7200;25959974;12983586;0,020655
InsertionSort;7200;25959974;12983586;0,020111
InsertionSort;7200;25959974;12983586;0,020303
InsertionSort;7300;26494898;13251098;0,020565
InsertionSort;7300;26494898;13251098;0,019932
InsertionSort;7300;26494898;13251098;0,020228
InsertionSort;7300;26494898;13251098;0,020142
InsertionSort;7300;26494898;13251098;0,020416
InsertionSort;7300;26494898;13251098;0,020305
InsertionSort;7300;26494898;13251098;0,020488
InsertionSort;7300;26494898;13251098;0,020084
InsertionSort;7300;26494898;13251098;0,019888
InsertionSort;7300;26494898;13251098;0,01989
InsertionSort;7400;27148488;13577943;0,02179
InsertionSort;7400;27148488;13577943;0,020346
InsertionSort;7400;27148488;13577943;0,020409
InsertionSort;7400;27148488;13577943;0,020554
InsertionSort;7400;27148488;13577943;0,020406
InsertionSort;7400;27148488;13577943;0,020643
InsertionSort;7400;27148488;13577943;0,020849
InsertionSort;7400;27148488;13577943;0,020995
InsertionSort;7400;27148488;13577943;0,020358
InsertionSort;7400;27148488;13577943;0,020954
InsertionSort;7500;28497316;14252407;0,02189
InsertionSort;7500;28497316;14252407;0,022226
InsertionSort;7500;28497316;14252407;0,022311
InsertionSort;7500;28497316;14252407;0,021961
InsertionSort;7500;28497316;14252407;0,021749
InsertionSort;7500;28497316;14252407;0,021936
InsertionSort;7500;28497316;14252407;0,02217
InsertionSort;7500;28497316;14252407;0,022019
InsertionSort;7500;28497316;14252407;0,021598
InsertionSort;7500;28497316;14252407;0,021585
InsertionSort;7600;28607380;14307489;0,021335
InsertionSort;7600;28607380;14307489;0,022055
InsertionSort;7600;28607380;14307489;0,021626
InsertionSort;7600;28607380;14307489;0,021541
InsertionSort;7600;28607380;14307489;0,021483
InsertionSort;7600;28607380;14307489;0,022044
InsertionSort;7600;28607380;14307489;0,02189
InsertionSort;7600;28607380;14307489;0,02148
InsertionSort;7600;28607380;14307489;0,021606
InsertionSort;7600;28607380;14307489;0,021974
InsertionSort;7700;29620370;14814034;0,02238
InsertionSort;7700;29620370;14814034;0,022395
InsertionSort;7700;29620370;14814034;0,022177
InsertionSort;7700;29620370;14814034;0,022499
InsertionSort;7700;29620370;14814034;0,022363
InsertionSort;7700;29620370;14814034;0,022308
InsertionSort;7700;29620370;14814034;0,022729
InsertionSort;7700;29620370;14814034;0,022399
InsertionSort;7700;29620370;14814034;0,02207
InsertionSort;7700;29620370;14814034;0,022378
InsertionSort;7800;30427376;15217587;0,023385
InsertionSort;7800;30427376;15217587;0,023209
InsertionSort;7800;30427376;15217587;0,022864
InsertionSort;7800;30427376;15217587;0,023337
InsertionSort;7800;30427376;15217587;0,022967
InsertionSort;7800;30427376;15217587;0,023596
InsertionSort;7800;30427376;15217587;0,023674
InsertionSort;7800;30427376;15217587;0,023578
InsertionSort;7800;30427376;15217587;0,022934
InsertionSort;7800;30427376;15217587;0,024418
InsertionSort;7900;30829906;15418902;0,023723
InsertionSort;7900;30829906;15418902;0,023263
InsertionSort;7900;30829906;15418902;0,023704
InsertionSort;7900;30829906;15418902;0,023124
InsertionSort;7900;30829906;15418902;0,023168
InsertionSort;7900;30829906;15418902;0,023668
InsertionSort;7900;30829906;15418902;0,023343
InsertionSort;7900;30829906;15418902;0,023241
InsertionSort;7900;30829906;15418902;0,023623
InsertionSort;7900;30829906;15418902;0,023618
InsertionSort;8000;32005604;16006801;0,024928
InsertionSort;8000;32005604;16006801;0,024183
InsertionSort;8000;32005604;16006801;0,024129
InsertionSort;8000;32005604;16006801;0,024096
InsertionSort;8000;32005604;16006801;0,024681
InsertionSort;8000;32005604;16006801;0,024296
InsertionSort;8000;32005604;16006801;0,024102
InsertionSort;8000;32005604;16006801;0,024126
InsertionSort;8000;32005604;16006801;0,024677
InsertionSort;8000;32005604;16006801;0,024177
InsertionSort;8100;32510098;16259098;0,024693
InsertionSort;8100;32510098;16259098;0,024779
InsertionSort;8100;32510098;16259098;0,024348
InsertionSort;8100;32510098;16259098;0,024835
InsertionSort;8100;32510098;16259098;0,02461
InsertionSort;8100;32510098;16259098;0,024256
InsertionSort;8100;32510098;16259098;0,025058
InsertionSort;8100;32510098;16259098;0,024679
InsertionSort;8100;32510098;16259098;0,025036
InsertionSort;8100;32510098;16259098;0,024473
InsertionSort;8200;34155952;17082075;0,026362
InsertionSort;8200;34155952;17082075;0,026305
InsertionSort;8200;34155952;17082075;0,025722
InsertionSort;8200;34155952;17082075;0,025757
InsertionSort;8200;34155952;17082075;0,026239
InsertionSort;8200;34155952;17082075;0,026048
InsertionSort;8200;34155952;17082075;0,025752
InsertionSort;8200;34155952;17082075;0,026163
InsertionSort;8200;34155952;17082075;0,026542
InsertionSort;8200;34155952;17082075;0,025866
InsertionSort;8300;34937464;17472881;0,026109
InsertionSort;8300;34937464;17472881;0,027063
InsertionSort;8300;34937464;17472881;0,026832
InsertionSort;8300;34937464;17472881;0,0266
InsertionSort;8300;34937464;17472881;0,02649
InsertionSort;8300;34937464;17472881;0,027026
InsertionSort;8300;34937464;17472881;0,02622
InsertionSort;8300;34937464;17472881;0,026226
InsertionSort;8300;34937464;17472881;0,028573
InsertionSort;8300;34937464;17472881;0,033719
InsertionSort;8400;35095348;17551873;0,026812
InsertionSort;8400;35095348;17551873;0,027225
InsertionSort;8400;35095348;17551873;0,027687
InsertionSort;8400;35095348;17551873;0,0264
InsertionSort;8400;35095348;17551873;0,02647
InsertionSort;8400;35095348;17551873;0,026666
InsertionSort;8400;35095348;17551873;0,027412
InsertionSort;8400;35095348;17551873;0,026551
InsertionSort;8400;35095348;17551873;0,026631
InsertionSort;8400;35095348;17551873;0,027006
InsertionSort;8500;35907806;17958152;0,0278
InsertionSort;8500;35907806;17958152;0,027626
InsertionSort;8500;35907806;17958152;0,027594
InsertionSort;8500;35907806;17958152;0,028332
InsertionSort;8500;35907806;17958152;0,02764
InsertionSort;8500;35907806;17958152;0,027618
InsertionSort;8500;35907806;17958152;0,028122
InsertionSort;8500;35907806;17958152;0,029653
InsertionSort;8500;35907806;17958152;0,027996
InsertionSort;8500;35907806;17958152;0,02787
InsertionSort;8600;36346056;18177327;0,027485
InsertionSort;8600;36346056;18177327;0,027732
InsertionSort;8600;36346056;18177327;0,027612
InsertionSort;8600;36346056;18177327;0,027392
InsertionSort;8600;36346056;18177327;0,031355
InsertionSort;8600;36346056;18177327;0,028005
InsertionSort;8600;36346056;18177327;0,027971
InsertionSort;8600;36346056;18177327;0,027241
InsertionSort;8600;36346056;18177327;0,027349
InsertionSort;8600;36346056;18177327;0,027808
InsertionSort;8700;37446166;18727432;0,029557
InsertionSort;8700;37446166;18727432;0,028954
InsertionSort;8700;37446166;18727432;0,02833
InsertionSort;8700;37446166;18727432;0,02883
InsertionSort;8700;37446166;18727432;0,029269
InsertionSort;8700;37446166;18727432;0,02947
InsertionSort;8700;37446166;18727432;0,028259
InsertionSort;8700;37446166;18727432;0,028676
InsertionSort;8700;37446166;18727432;0,028062
InsertionSort;8700;37446166;18727432;0,028219
InsertionSort;8800;39130672;19569735;0,029882
InsertionSort;8800;39130672;19569735;0,029816
InsertionSort;8800;39130672;19569735;0,029771
InsertionSort;8800;39130672;19569735;0,029867
InsertionSort;8800;39130672;19569735;0,029827
InsertionSort;8800;39130672;19569735;0,030413
InsertionSort;8800;39130672;19569735;0,030178
InsertionSort;8800;39130672;19569735;0,029404
InsertionSort;8800;39130672;19569735;0,030192
InsertionSort;8800;39130672;19569735;0,030017
InsertionSort;8900;39042802;19525850;0,030356
InsertionSort;8900;39042802;19525850;0,032521
InsertionSort;8900;39042802;19525850;0,029808
InsertionSort;8900;39042802;19525850;0,029764
InsertionSort;8900;39042802;19525850;0,030036
InsertionSort;8900;39042802;19525850;0,029667
InsertionSort;8900;39042802;19525850;0,029889
InsertionSort;8900;39042802;19525850;0,02922
InsertionSort;8900;39042802;19525850;0,030142
InsertionSort;8900;39042802;19525850;0,02976
InsertionSort;9000;40623506;20316252;0,030594
InsertionSort;9000;40623506;20316252;0,031112
InsertionSort;9000;40623506;20316252;0,030821
InsertionSort;9000;40623506;20316252;0,031837
InsertionSort;9000;40623506;20316252;0,031084
InsertionSort;9000;40623506;20316252;0,030601
InsertionSort;9000;40623506;20316252;0,03223
InsertionSort;9000;40623506;20316252;0,031365
InsertionSort;9000;40623506;20316252;0,030947
InsertionSort;9000;40623506;20316252;0,031298
InsertionSort;9100;41042868;20525983;0,031568
InsertionSort;9100;41042868;20525983;0,031766
InsertionSort;9100;41042868;20525983;0,031026
InsertionSort;9100;41042868;20525983;0,030869
InsertionSort;9100;41042868;20525983;0,032108
InsertionSort;9100;41042868;20525983;0,031176
InsertionSort;9100;41042868;20525983;0,03109
InsertionSort;9100;41042868;20525983;0,031047
InsertionSort;9100;41042868;20525983;0,031154
InsertionSort;9100;41042868;20525983;0,031223
InsertionSort;9200;41895838;20952518;0,031899
InsertionSort;9200;41895838;20952518;0,031715
InsertionSort;9200;41895838;20952518;0,032116
InsertionSort;9200;41895838;20952518;0,031708
InsertionSort;9200;41895838;20952518;0,032316
InsertionSort;9200;41895838;20952518;0,031922
InsertionSort;9200;41895838;20952518;0,031845
InsertionSort;9200;41895838;20952518;0,03228
InsertionSort;9200;41895838;20952518;0,031449
InsertionSort;9200;41895838;20952518;0,032903
InsertionSort;9300;43143392;21576345;0,032935
InsertionSort;9300;43143392;21576345;0,033156
InsertionSort;9300;43143392;21576345;0,032946
InsertionSort;9300;43143392;21576345;0,033009
InsertionSort;9300;43143392;21576345;0,033537
InsertionSort;9300;43143392;21576345;0,033367
InsertionSort;9300;43143392;21576345;0,032972
InsertionSort;9300;43143392;21576345;0,032672
InsertionSort;9300;43143392;21576345;0,032766
InsertionSort;9300;43143392;21576345;0,033621
InsertionSort;9400;44933190;22471294;0,034279
InsertionSort;9400;44933190;22471294;0,03463
InsertionSort;9400;44933190;22471294;0,034727
InsertionSort;9400;44933190;22471294;0,033817
InsertionSort;9400;44933190;22471294;0,034094
InsertionSort;9400;44933190;22471294;0,034507
InsertionSort;9400;44933190;22471294;0,033679
InsertionSort;9400;44933190;22471294;0,033604
InsertionSort;9400;44933190;22471294;0,034235
InsertionSort;9400;44933190;22471294;0,034931
InsertionSort;9500;45147542;22578520;0,034286
InsertionSort;9500;45147542;22578520;0,038331
InsertionSort;9500;45147542;22578520;0,035005
InsertionSort;9500;45147542;22578520;0,034574
InsertionSort;9500;45147542;22578520;0,034337
InsertionSort;9500;45147542;22578520;0,034208
InsertionSort;9500;45147542;22578520;0,034443
InsertionSort;9500;45147542;22578520;0,03488
InsertionSort;9500;45147542;22578520;0,034313
InsertionSort;9500;45147542;22578520;0,035024
InsertionSort;9600;45937380;22973489;0,034968
InsertionSort;9600;45937380;22973489;0,036382
InsertionSort;9600;45937380;22973489;0,036721
InsertionSort;9600;45937380;22973489;0,036127
InsertionSort;9600;45937380;22973489;0,035207
InsertionSort;9600;45937380;22973489;0,035476
InsertionSort;9600;45937380;22973489;0,035115
InsertionSort;9600;45937380;22973489;0,035229
InsertionSort;9600;45937380;22973489;0,036003
InsertionSort;9600;45937380;22973489;0,035171
InsertionSort;9700;46596444;23303071;0,035714
InsertionSort;9700;46596444;23303071;0,035513
InsertionSort;9700;46596444;23303071;0,035434
InsertionSort;9700;46596444;23303071;0,035682
InsertionSort;9700;46596444;23303071;0,035166
InsertionSort;9700;46596444;23303071;0,034999
InsertionSort;9700;46596444;23303071;0,035309
InsertionSort;9700;46596444;23303071;0,036112
InsertionSort;9700;46596444;23303071;0,035829
InsertionSort;9700;46596444;23303071;0,035812
InsertionSort;9800;48057030;24033414;0,037113
InsertionSort;9800;48057030;24033414;0,037169
InsertionSort;9800;48057030;24033414;0,036206
InsertionSort;9800;48057030;24033414;0,036095
InsertionSort;9800;48057030;24033414;0,036919
InsertionSort;9800;48057030;24033414;0,03747
InsertionSort;9800;48057030;24033414;0,036707
InsertionSort;9800;48057030;24033414;0,036935
InsertionSort;9800;48057030;24033414;0,036714
InsertionSort;9800;48057030;24033414;0,036463
InsertionSort;9900;49167950;24588924;0,038527
InsertionSort;9900;49167950;24588924;0,038213
InsertionSort;9900;49167950;24588924;0,040241
InsertionSort;9900;49167950;24588924;0,037126
InsertionSort;9900;49167950;24588924;0,037737
InsertionSort;9900;49167950;24588924;0,039121
InsertionSort;9900;49167950;24588924;0,037399
InsertionSort;9900;49167950;24588924;0,037168
InsertionSort;9900;49167950;24588924;0,039705
InsertionSort;9900;49167950;24588924;0,037102
InsertionSort;10000;50021966;25015982;0,037694
InsertionSort;10000;50021966;25015982;0,038884
InsertionSort;10000;50021966;25015982;0,038074
InsertionSort;10000;50021966;25015982;0,038128
InsertionSort;10000;50021966;25015982;0,038834
InsertionSort;10000;50021966;25015982;0,039631
InsertionSort;10000;50021966;25015982;0,043263
InsertionSort;10000;50021966;25015982;0,038069
InsertionSort;10000;50021966;25015982;0,038569
InsertionSort;10000;50021966;25015982;0,040124
