QuickSort;100;1493;730;0,000095
QuickSort;100;1493;730;0,000089
QuickSort;100;1493;730;0,000077
QuickSort;100;1493;730;0,000058
QuickSort;100;1493;730;0,000098
QuickSort;100;1493;730;0,000069
QuickSort;100;1493;730;0,000083
QuickSort;100;1493;730;0,000084
QuickSort;100;1493;730;0,000084
QuickSort;100;1493;730;0,000046
QuickSort;200;3537;1874;0,000054
QuickSort;200;3537;1874;0,000053
QuickSort;200;3537;1874;0,000063
QuickSort;200;3537;1874;0,000032
QuickSort;200;3537;1874;0,000035
QuickSort;200;3537;1874;0,000031
QuickSort;200;3537;1874;0,000032
QuickSort;200;3537;1874;0,000054
QuickSort;200;3537;1874;0,000057
QuickSort;200;3537;1874;0,000056
QuickSort;300;5561;2706;0,000083
QuickSort;300;5561;2706;0,000067
QuickSort;300;5561;2706;0,000053
QuickSort;300;5561;2706;0,000046
QuickSort;300;5561;2706;0,000036
QuickSort;300;5561;2706;0,000037
QuickSort;300;5561;2706;0,000059
QuickSort;300;5561;2706;0,000059
QuickSort;300;5561;2706;0,00004
QuickSort;300;5561;2706;0,000037
QuickSort;400;7694;4010;0,000054
QuickSort;400;7694;4010;0,000054
QuickSort;400;7694;4010;0,000052
QuickSort;400;7694;4010;0,000051
QuickSort;400;7694;4010;0,00005
QuickSort;400;7694;4010;0,000052
QuickSort;400;7694;4010;0,000051
QuickSort;400;7694;4010;0,00005
QuickSort;400;7694;4010;0,00005
QuickSort;400;7694;4010;0,00005
QuickSort;500;10058;4404;0,002106
QuickSort;500;10058;4404;0,000068
QuickSort;500;10058;4404;0,000069
QuickSort;500;10058;4404;0,000065
QuickSort;500;10058;4404;0,000079
QuickSort;500;10058;4404;0,000068
QuickSort;500;10058;4404;0,000065
QuickSort;500;10058;4404;0,000065
QuickSort;500;10058;4404;0,000065
QuickSort;500;10058;4404;0,000065
QuickSort;600;13864;6448;0,000089
QuickSort;600;13864;6448;0,000088
QuickSort;600;13864;6448;0,000075
QuickSort;600;13864;6448;0,000041
QuickSort;600;13864;6448;0,000038
QuickSort;600;13864;6448;0,000035
QuickSort;600;13864;6448;0,000036
QuickSort;600;13864;6448;0,000034
QuickSort;600;13864;6448;0,000033
QuickSort;600;13864;6448;0,000032
QuickSort;700;16301;7982;0,000048
QuickSort;700;16301;7982;0,000045
QuickSort;700;16301;7982;0,000044
QuickSort;700;16301;7982;0,00005
QuickSort;700;16301;7982;0,000047
QuickSort;700;16301;7982;0,000043
QuickSort;700;16301;7982;0,000042
QuickSort;700;16301;7982;0,000042
QuickSort;700;16301;7982;0,00004
QuickSort;700;16301;7982;0,00004
QuickSort;800;17118;9254;0,000057
QuickSort;800;17118;9254;0,000055
QuickSort;800;17118;9254;0,000057
QuickSort;800;17118;9254;0,00005
QuickSort;800;17118;9254;0,000054
QuickSort;800;17118;9254;0,000072
QuickSort;800;17118;9254;0,00007
QuickSort;800;17118;9254;0,000074
QuickSort;800;17118;9254;0,000076
QuickSort;800;17118;9254;0,000077
QuickSort;900;20440;9602;0,000093
QuickSort;900;20440;9602;0,000088
QuickSort;900;20440;9602;0,000083
QuickSort;900;20440;9602;0,000084
QuickSort;900;20440;9602;0,000088
QuickSort;900;20440;9602;0,000095
QuickSort;900;20440;9602;0,00009
QuickSort;900;20440;9602;0,000086
QuickSort;900;20440;9602;0,000091
QuickSort;900;20440;9602;0,000116
QuickSort;1000;23677;12322;0,000112
QuickSort;1000;23677;12322;0,000107
QuickSort;1000;23677;12322;0,000103
QuickSort;1000;23677;12322;0,000112
QuickSort;1000;23677;12322;0,000113
QuickSort;1000;23677;12322;0,000105
QuickSort;1000;23677;12322;0,000109
QuickSort;1000;23677;12322;0,000108
QuickSort;1000;23677;12322;0,000104
QuickSort;1000;23677;12322;0,000185
QuickSort;1100;26010;12668;0,000189
QuickSort;1100;26010;12668;0,000123
QuickSort;1100;26010;12668;0,000119
QuickSort;1100;26010;12668;0,000113
QuickSort;1100;26010;12668;0,000215
QuickSort;1100;26010;12668;0,000114
QuickSort;1100;26010;12668;0,000113
QuickSort;1100;26010;12668;0,000111
QuickSort;1100;26010;12668;0,000111
QuickSort;1100;26010;12668;0,000118
QuickSort;1200;28230;13702;0,000146
QuickSort;1200;28230;13702;0,000126
QuickSort;1200;28230;13702;0,000128
QuickSort;1200;28230;13702;0,000118
QuickSort;1200;28230;13702;0,000126
QuickSort;1200;28230;13702;0,000125
QuickSort;1200;28230;13702;0,000125
QuickSort;1200;28230;13702;0,000131
QuickSort;1200;28230;13702;0,000122
QuickSort;1200;28230;13702;0,000142
QuickSort;1300;31876;16574;0,000205
QuickSort;1300;31876;16574;0,000142
QuickSort;1300;31876;16574;0,000138
QuickSort;1300;31876;16574;0,000139
QuickSort;1300;31876;16574;0,00019
QuickSort;1300;31876;16574;0,000221
QuickSort;1300;31876;16574;0,000139
QuickSort;1300;31876;16574;0,000139
QuickSort;1300;31876;16574;0,00014
QuickSort;1300;31876;16574;0,000139
QuickSort;1400;34146;17742;0,000159
QuickSort;1400;34146;17742;0,000155
QuickSort;1400;34146;17742;0,000153
QuickSort;1400;34146;17742;0,00015
QuickSort;1400;34146;17742;0,000153
QuickSort;1400;34146;17742;0,000153
QuickSort;1400;34146;17742;0,000149
QuickSort;1400;34146;17742;0,000148
QuickSort;1400;34146;17742;0,000144
QuickSort;1400;34146;17742;0,000145
QuickSort;1500;39397;18080;0,000159
QuickSort;1500;39397;18080;0,000166
QuickSort;1500;39397;18080;0,000157
QuickSort;1500;39397;18080;0,000152
QuickSort;1500;39397;18080;0,000149
QuickSort;1500;39397;18080;0,000153
QuickSort;1500;39397;18080;0,000159
QuickSort;1500;39397;18080;0,000158
QuickSort;1500;39397;18080;0,000159
QuickSort;1500;39397;18080;0,000183
QuickSort;1600;44961;21590;0,000191
QuickSort;1600;44961;21590;0,000184
QuickSort;1600;44961;21590;0,000126
QuickSort;1600;44961;21590;0,000144
QuickSort;1600;44961;21590;0,000121
QuickSort;1600;44961;21590;0,000118
QuickSort;1600;44961;21590;0,00012
QuickSort;1600;44961;21590;0,000127
QuickSort;1600;44961;21590;0,000132
QuickSort;1600;44961;21590;0,000156
QuickSort;1700;43388;23074;0,000199
QuickSort;1700;43388;23074;0,00019
QuickSort;1700;43388;23074;0,000188
QuickSort;1700;43388;23074;0,000134
QuickSort;1700;43388;23074;0,000137
QuickSort;1700;43388;23074;0,000125
QuickSort;1700;43388;23074;0,000124
QuickSort;1700;43388;23074;0,000132
QuickSort;1700;43388;23074;0,000128
QuickSort;1700;43388;23074;0,000124
QuickSort;1800;48817;21474;0,000142
QuickSort;1800;48817;21474;0,000135
QuickSort;1800;48817;21474;0,000132
QuickSort;1800;48817;21474;0,000131
QuickSort;1800;48817;21474;0,000137
QuickSort;1800;48817;21474;0,000136
QuickSort;1800;48817;21474;0,000131
QuickSort;1800;48817;21474;0,000129
QuickSort;1800;48817;21474;0,000129
QuickSort;1800;48817;21474;0,000131
QuickSort;1900;54663;27024;0,000152
QuickSort;1900;54663;27024;0,000147
QuickSort;1900;54663;27024;0,000146
QuickSort;1900;54663;27024;0,000143
QuickSort;1900;54663;27024;0,000143
QuickSort;1900;54663;27024;0,000143
QuickSort;1900;54663;27024;0,000143
QuickSort;1900;54663;27024;0,000146
QuickSort;1900;54663;27024;0,000143
QuickSort;1900;54663;27024;0,000143
QuickSort;2000;55142;24042;0,000158
QuickSort;2000;55142;24042;0,000154
QuickSort;2000;55142;24042;0,000149
QuickSort;2000;55142;24042;0,000153
QuickSort;2000;55142;24042;0,000151
QuickSort;2000;55142;24042;0,000154
QuickSort;2000;55142;24042;0,000148
QuickSort;2000;55142;24042;0,000152
QuickSort;2000;55142;24042;0,00015
QuickSort;2000;55142;24042;0,000146
QuickSort;2100;60241;32976;0,000177
QuickSort;2100;60241;32976;0,00017
QuickSort;2100;60241;32976;0,00017
QuickSort;2100;60241;32976;0,000168
QuickSort;2100;60241;32976;0,000167
QuickSort;2100;60241;32976;0,00017
QuickSort;2100;60241;32976;0,000164
QuickSort;2100;60241;32976;0,000165
QuickSort;2100;60241;32976;0,000166
QuickSort;2100;60241;32976;0,000164
QuickSort;2200;58413;32650;0,00018
QuickSort;2200;58413;32650;0,000173
QuickSort;2200;58413;32650;0,000171
QuickSort;2200;58413;32650;0,00017
QuickSort;2200;58413;32650;0,00017
QuickSort;2200;58413;32650;0,000174
QuickSort;2200;58413;32650;0,000168
QuickSort;2200;58413;32650;0,000171
QuickSort;2200;58413;32650;0,000171
QuickSort;2200;58413;32650;0,000171
QuickSort;2300;63042;32170;0,000189
QuickSort;2300;63042;32170;0,000184
QuickSort;2300;63042;32170;0,000183
QuickSort;2300;63042;32170;0,000181
QuickSort;2300;63042;32170;0,000183
QuickSort;2300;63042;32170;0,000181
QuickSort;2300;63042;32170;0,000182
QuickSort;2300;63042;32170;0,000182
QuickSort;2300;63042;32170;0,000185
QuickSort;2300;63042;32170;0,00018
QuickSort;2400;63425;36248;0,000293
QuickSort;2400;63425;36248;0,000291
QuickSort;2400;63425;36248;0,000295
QuickSort;2400;63425;36248;0,000293
QuickSort;2400;63425;36248;0,000298
QuickSort;2400;63425;36248;0,000296
QuickSort;2400;63425;36248;0,000291
QuickSort;2400;63425;36248;0,000293
QuickSort;2400;63425;36248;0,00029
QuickSort;2400;63425;36248;0,000285
QuickSort;2500;65390;34886;0,000298
QuickSort;2500;65390;34886;0,000298
QuickSort;2500;65390;34886;0,000297
QuickSort;2500;65390;34886;0,000294
QuickSort;2500;65390;34886;0,000303
QuickSort;2500;65390;34886;0,000303
QuickSort;2500;65390;34886;0,000296
QuickSort;2500;65390;34886;0,000299
QuickSort;2500;65390;34886;0,000294
QuickSort;2500;65390;34886;0,000292
QuickSort;2600;70915;32156;0,000212
QuickSort;2600;70915;32156;0,000206
QuickSort;2600;70915;32156;0,000296
QuickSort;2600;70915;32156;0,000214
QuickSort;2600;70915;32156;0,000206
QuickSort;2600;70915;32156;0,000207
QuickSort;2600;70915;32156;0,000204
QuickSort;2600;70915;32156;0,000202
QuickSort;2600;70915;32156;0,000216
QuickSort;2600;70915;32156;0,000202
QuickSort;2700;75279;39428;0,000233
QuickSort;2700;75279;39428;0,000217
QuickSort;2700;75279;39428;0,000216
QuickSort;2700;75279;39428;0,000214
QuickSort;2700;75279;39428;0,000226
QuickSort;2700;75279;39428;0,000214
QuickSort;2700;75279;39428;0,000217
QuickSort;2700;75279;39428;0,000221
QuickSort;2700;75279;39428;0,000213
QuickSort;2700;75279;39428;0,000213
QuickSort;2800;79595;45120;0,000237
QuickSort;2800;79595;45120;0,000236
QuickSort;2800;79595;45120;0,000228
QuickSort;2800;79595;45120;0,00023
QuickSort;2800;79595;45120;0,000228
QuickSort;2800;79595;45120;0,000231
QuickSort;2800;79595;45120;0,000233
QuickSort;2800;79595;45120;0,000239
QuickSort;2800;79595;45120;0,000236
QuickSort;2800;79595;45120;0,000227
QuickSort;2900;81711;40540;0,000239
QuickSort;2900;81711;40540;0,000233
QuickSort;2900;81711;40540;0,00024
QuickSort;2900;81711;40540;0,000235
QuickSort;2900;81711;40540;0,000233
QuickSort;2900;81711;40540;0,000232
QuickSort;2900;81711;40540;0,000235
QuickSort;2900;81711;40540;0,00023
QuickSort;2900;81711;40540;0,000233
QuickSort;2900;81711;40540;0,000234
QuickSort;3000;82268;39876;0,000248
QuickSort;3000;82268;39876;0,00024
QuickSort;3000;82268;39876;0,000238
QuickSort;3000;82268;39876;0,00024
QuickSort;3000;82268;39876;0,000237
QuickSort;3000;82268;39876;0,000239
QuickSort;3000;82268;39876;0,000242
QuickSort;3000;82268;39876;0,00024
QuickSort;3000;82268;39876;0,000247
QuickSort;3000;82268;39876;0,000248
QuickSort;3100;88709;44546;0,000276
QuickSort;3100;88709;44546;0,000265
QuickSort;3100;88709;44546;0,000263
QuickSort;3100;88709;44546;0,000264
QuickSort;3100;88709;44546;0,000258
QuickSort;3100;88709;44546;0,000261
QuickSort;3100;88709;44546;0,00026
QuickSort;3100;88709;44546;0,00026
QuickSort;3100;88709;44546;0,000257
QuickSort;3100;88709;44546;0,00026
QuickSort;3200;95497;50246;0,000281
QuickSort;3200;95497;50246;0,000273
QuickSort;3200;95497;50246;0,000272
QuickSort;3200;95497;50246;0,000268
QuickSort;3200;95497;50246;0,000271
QuickSort;3200;95497;50246;0,000271
QuickSort;3200;95497;50246;0,000274
QuickSort;3200;95497;50246;0,000348
QuickSort;3200;95497;50246;0,000399
QuickSort;3200;95497;50246;0,000401
QuickSort;3300;90136;45738;0,00038
QuickSort;3300;90136;45738;0,000277
QuickSort;3300;90136;45738;0,000272
QuickSort;3300;90136;45738;0,000271
QuickSort;3300;90136;45738;0,00027
QuickSort;3300;90136;45738;0,000285
QuickSort;3300;90136;45738;0,000271
QuickSort;3300;90136;45738;0,000274
QuickSort;3300;90136;45738;0,000269
QuickSort;3300;90136;45738;0,000277
QuickSort;3400;103927;43476;0,000362
QuickSort;3400;103927;43476;0,000412
QuickSort;3400;103927;43476;0,000413
QuickSort;3400;103927;43476;0,000356
QuickSort;3400;103927;43476;0,000288
QuickSort;3400;103927;43476;0,000365
QuickSort;3400;103927;43476;0,00028
QuickSort;3400;103927;43476;0,000331
QuickSort;3400;103927;43476;0,000278
QuickSort;3400;103927;43476;0,000277
QuickSort;3500;102151;52592;0,000437
QuickSort;3500;102151;52592;0,000477
QuickSort;3500;102151;52592;0,000496
QuickSort;3500;102151;52592;0,000434
QuickSort;3500;102151;52592;0,000437
QuickSort;3500;102151;52592;0,000423
QuickSort;3500;102151;52592;0,000431
QuickSort;3500;102151;52592;0,000433
QuickSort;3500;102151;52592;0,000431
QuickSort;3500;102151;52592;0,000442
QuickSort;3600;114173;60782;0,000478
QuickSort;3600;114173;60782;0,000453
QuickSort;3600;114173;60782;0,000308
QuickSort;3600;114173;60782;0,000304
QuickSort;3600;114173;60782;0,000301
QuickSort;3600;114173;60782;0,000302
QuickSort;3600;114173;60782;0,000324
QuickSort;3600;114173;60782;0,000306
QuickSort;3600;114173;60782;0,000306
QuickSort;3600;114173;60782;0,000304
QuickSort;3700;103378;51002;0,000317
QuickSort;3700;103378;51002;0,000306
QuickSort;3700;103378;51002;0,000306
QuickSort;3700;103378;51002;0,000308
QuickSort;3700;103378;51002;0,000308
QuickSort;3700;103378;51002;0,000304
QuickSort;3700;103378;51002;0,000313
QuickSort;3700;103378;51002;0,000304
QuickSort;3700;103378;51002;0,000306
QuickSort;3700;103378;51002;0,000306
QuickSort;3800;114910;56038;0,000326
QuickSort;3800;114910;56038;0,000319
QuickSort;3800;114910;56038;0,000325
QuickSort;3800;114910;56038;0,000319
QuickSort;3800;114910;56038;0,000314
QuickSort;3800;114910;56038;0,000317
QuickSort;3800;114910;56038;0,000317
QuickSort;3800;114910;56038;0,000313
QuickSort;3800;114910;56038;0,000314
QuickSort;3800;114910;56038;0,000312
QuickSort;3900;121684;63540;0,000344
QuickSort;3900;121684;63540;0,000338
QuickSort;3900;121684;63540;0,000339
QuickSort;3900;121684;63540;0,000342
QuickSort;3900;121684;63540;0,000333
QuickSort;3900;121684;63540;0,000341
QuickSort;3900;121684;63540;0,000336
QuickSort;3900;121684;63540;0,000336
QuickSort;3900;121684;63540;0,000336
QuickSort;3900;121684;63540;0,000343
QuickSort;4000;117224;66578;0,000359
QuickSort;4000;117224;66578;0,000352
QuickSort;4000;117224;66578;0,000348
QuickSort;4000;117224;66578;0,000349
QuickSort;4000;117224;66578;0,000351
QuickSort;4000;117224;66578;0,000346
QuickSort;4000;117224;66578;0,000344
QuickSort;4000;117224;66578;0,000345
QuickSort;4000;117224;66578;0,000353
QuickSort;4000;117224;66578;0,000347
QuickSort;4100;140129;75742;0,000383
QuickSort;4100;140129;75742;0,000369
QuickSort;4100;140129;75742;0,000375
QuickSort;4100;140129;75742;0,000364
QuickSort;4100;140129;75742;0,000363
QuickSort;4100;140129;75742;0,000364
QuickSort;4100;140129;75742;0,000362
QuickSort;4100;140129;75742;0,000361
QuickSort;4100;140129;75742;0,000362
QuickSort;4100;140129;75742;0,000363
QuickSort;4200;123516;63408;0,000377
QuickSort;4200;123516;63408;0,000365
QuickSort;4200;123516;63408;0,000362
QuickSort;4200;123516;63408;0,000366
QuickSort;4200;123516;63408;0,000363
QuickSort;4200;123516;63408;0,000362
QuickSort;4200;123516;63408;0,000368
QuickSort;4200;123516;63408;0,000363
QuickSort;4200;123516;63408;0,000364
QuickSort;4200;123516;63408;0,000363
QuickSort;4300;133482;63328;0,000377
QuickSort;4300;133482;63328;0,000368
QuickSort;4300;133482;63328;0,000365
QuickSort;4300;133482;63328;0,000363
QuickSort;4300;133482;63328;0,000361
QuickSort;4300;133482;63328;0,000364
QuickSort;4300;133482;63328;0,000362
QuickSort;4300;133482;63328;0,000367
QuickSort;4300;133482;63328;0,000362
QuickSort;4300;133482;63328;0,000388
QuickSort;4400;138860;66054;0,000393
QuickSort;4400;138860;66054;0,00038
QuickSort;4400;138860;66054;0,000379
QuickSort;4400;138860;66054;0,000375
QuickSort;4400;138860;66054;0,000373
QuickSort;4400;138860;66054;0,000375
QuickSort;4400;138860;66054;0,000373
QuickSort;4400;138860;66054;0,000375
QuickSort;4400;138860;66054;0,000375
QuickSort;4400;138860;66054;0,000373
QuickSort;4500;133779;77054;0,000411
QuickSort;4500;133779;77054;0,000396
QuickSort;4500;133779;77054;0,000394
QuickSort;4500;133779;77054;0,000406
QuickSort;4500;133779;77054;0,000393
QuickSort;4500;133779;77054;0,000419
QuickSort;4500;133779;77054;0,000418
QuickSort;4500;133779;77054;0,000415
QuickSort;4500;133779;77054;0,000398
QuickSort;4500;133779;77054;0,000398
QuickSort;4600;139640;71226;0,000574
QuickSort;4600;139640;71226;0,000607
QuickSort;4600;139640;71226;0,00135
QuickSort;4600;139640;71226;0,001707
QuickSort;4600;139640;71226;0,0006
QuickSort;4600;139640;71226;0,000588
QuickSort;4600;139640;71226;0,000469
QuickSort;4600;139640;71226;0,000409
QuickSort;4600;139640;71226;0,000411
QuickSort;4600;139640;71226;0,000407
QuickSort;4700;138948;65610;0,00042
QuickSort;4700;138948;65610;0,000409
QuickSort;4700;138948;65610;0,000409
QuickSort;4700;138948;65610;0,000405
QuickSort;4700;138948;65610;0,000406
QuickSort;4700;138948;65610;0,000414
QuickSort;4700;138948;65610;0,000428
QuickSort;4700;138948;65610;0,000422
QuickSort;4700;138948;65610;0,000582
QuickSort;4700;138948;65610;0,000643
QuickSort;4800;149826;75746;0,000641
QuickSort;4800;149826;75746;0,000658
QuickSort;4800;149826;75746;0,000632
QuickSort;4800;149826;75746;0,000483
QuickSort;4800;149826;75746;0,000423
QuickSort;4800;149826;75746;0,000417
QuickSort;4800;149826;75746;0,000422
QuickSort;4800;149826;75746;0,000426
QuickSort;4800;149826;75746;0,000418
QuickSort;4800;149826;75746;0,000431
QuickSort;4900;138043;72934;0,000441
QuickSort;4900;138043;72934;0,000433
QuickSort;4900;138043;72934;0,00043
QuickSort;4900;138043;72934;0,000428
QuickSort;4900;138043;72934;0,000426
QuickSort;4900;138043;72934;0,000429
QuickSort;4900;138043;72934;0,000434
QuickSort;4900;138043;72934;0,000424
QuickSort;4900;138043;72934;0,000425
QuickSort;4900;138043;72934;0,000423
QuickSort;5000;149584;77402;0,000444
QuickSort;5000;149584;77402;0,000443
QuickSort;5000;149584;77402;0,000444
QuickSort;5000;149584;77402;0,000438
QuickSort;5000;149584;77402;0,000435
QuickSort;5000;149584;77402;0,000441
QuickSort;5000;149584;77402;0,000444
QuickSort;5000;149584;77402;0,000437
QuickSort;5000;149584;77402;0,000436
QuickSort;5000;149584;77402;0,00044
QuickSort;5100;160580;89776;0,000483
QuickSort;5100;160580;89776;0,000464
QuickSort;5100;160580;89776;0,000468
QuickSort;5100;160580;89776;0,000457
QuickSort;5100;160580;89776;0,000459
QuickSort;5100;160580;89776;0,000458
QuickSort;5100;160580;89776;0,000465
QuickSort;5100;160580;89776;0,000452
QuickSort;5100;160580;89776;0,000457
QuickSort;5100;160580;89776;0,000456
QuickSort;5200;176857;93982;0,000493
QuickSort;5200;176857;93982;0,000477
QuickSort;5200;176857;93982;0,000507
QuickSort;5200;176857;93982;0,000559
QuickSort;5200;176857;93982;0,000477
QuickSort;5200;176857;93982;0,000471
QuickSort;5200;176857;93982;0,000487
QuickSort;5200;176857;93982;0,000475
QuickSort;5200;176857;93982;0,000478
QuickSort;5200;176857;93982;0,000484
QuickSort;5300;166401;76282;0,000474
QuickSort;5300;166401;76282;0,000458
QuickSort;5300;166401;76282;0,000468
QuickSort;5300;166401;76282;0,000458
QuickSort;5300;166401;76282;0,000458
QuickSort;5300;166401;76282;0,000449
QuickSort;5300;166401;76282;0,00045
QuickSort;5300;166401;76282;0,000453
QuickSort;5300;166401;76282;0,000468
QuickSort;5300;166401;76282;0,000452
QuickSort;5400;152667;80130;0,000533
QuickSort;5400;152667;80130;0,000533
QuickSort;5400;152667;80130;0,000513
QuickSort;5400;152667;80130;0,000477
QuickSort;5400;152667;80130;0,000476
QuickSort;5400;152667;80130;0,000478
QuickSort;5400;152667;80130;0,000477
QuickSort;5400;152667;80130;0,000475
QuickSort;5400;152667;80130;0,000493
QuickSort;5400;152667;80130;0,000473
QuickSort;5500;166134;90448;0,000512
QuickSort;5500;166134;90448;0,000492
QuickSort;5500;166134;90448;0,000489
QuickSort;5500;166134;90448;0,000494
QuickSort;5500;166134;90448;0,000499
QuickSort;5500;166134;90448;0,000494
QuickSort;5500;166134;90448;0,000495
QuickSort;5500;166134;90448;0,00049
QuickSort;5500;166134;90448;0,000491
QuickSort;5500;166134;90448;0,000489
QuickSort;5600;176934;86556;0,000535
QuickSort;5600;176934;86556;0,000514
QuickSort;5600;176934;86556;0,000518
QuickSort;5600;176934;86556;0,000514
QuickSort;5600;176934;86556;0,000517
QuickSort;5600;176934;86556;0,000512
QuickSort;5600;176934;86556;0,00051
QuickSort;5600;176934;86556;0,000518
QuickSort;5600;176934;86556;0,000565
QuickSort;5600;176934;86556;0,000512
QuickSort;5700;166849;80590;0,000518
QuickSort;5700;166849;80590;0,000505
QuickSort;5700;166849;80590;0,000501
QuickSort;5700;166849;80590;0,000514
QuickSort;5700;166849;80590;0,000501
QuickSort;5700;166849;80590;0,000504
QuickSort;5700;166849;80590;0,00074
QuickSort;5700;166849;80590;0,001167
QuickSort;5700;166849;80590;0,000804
QuickSort;5700;166849;80590;0,000827
QuickSort;5800;171292;87416;0,000694
QuickSort;5800;171292;87416;0,000521
QuickSort;5800;171292;87416;0,000526
QuickSort;5800;171292;87416;0,000564
QuickSort;5800;171292;87416;0,00055
QuickSort;5800;171292;87416;0,000529
QuickSort;5800;171292;87416;0,000517
QuickSort;5800;171292;87416;0,000523
QuickSort;5800;171292;87416;0,000516
QuickSort;5800;171292;87416;0,000522
QuickSort;5900;180157;98278;0,000531
QuickSort;5900;180157;98278;0,000533
QuickSort;5900;180157;98278;0,000544
QuickSort;5900;180157;98278;0,00057
QuickSort;5900;180157;98278;0,00053
QuickSort;5900;180157;98278;0,000525
QuickSort;5900;180157;98278;0,000534
QuickSort;5900;180157;98278;0,000525
QuickSort;5900;180157;98278;0,000528
QuickSort;5900;180157;98278;0,000527
QuickSort;6000;193703;104098;0,000557
QuickSort;6000;193703;104098;0,000542
QuickSort;6000;193703;104098;0,000546
QuickSort;6000;193703;104098;0,000549
QuickSort;6000;193703;104098;0,000543
QuickSort;6000;193703;104098;0,000541
QuickSort;6000;193703;104098;0,000544
QuickSort;6000;193703;104098;0,000542
QuickSort;6000;193703;104098;0,000619
QuickSort;6000;193703;104098;0,000542
QuickSort;6100;179199;87256;0,000799
QuickSort;6100;179199;87256;0,000795
QuickSort;6100;179199;87256;0,000797
QuickSort;6100;179199;87256;0,000789
QuickSort;6100;179199;87256;0,000787
QuickSort;6100;179199;87256;0,000792
QuickSort;6100;179199;87256;0,000786
QuickSort;6100;179199;87256;0,000815
QuickSort;6100;179199;87256;0,000803
QuickSort;6100;179199;87256;0,000816
QuickSort;6200;185175;89942;0,000834
QuickSort;6200;185175;89942;0,00081
QuickSort;6200;185175;89942;0,000796
QuickSort;6200;185175;89942;0,000942
QuickSort;6200;185175;89942;0,000805
QuickSort;6200;185175;89942;0,000795
QuickSort;6200;185175;89942;0,000789
QuickSort;6200;185175;89942;0,000779
QuickSort;6200;185175;89942;0,000789
QuickSort;6200;185175;89942;0,000818
QuickSort;6300;206097;105004;0,000866
QuickSort;6300;206097;105004;0,000871
QuickSort;6300;206097;105004;0,000866
QuickSort;6300;206097;105004;0,00085
QuickSort;6300;206097;105004;0,000572
QuickSort;6300;206097;105004;0,000712
QuickSort;6300;206097;105004;0,000844
QuickSort;6300;206097;105004;0,000836
QuickSort;6300;206097;105004;0,000836
QuickSort;6300;206097;105004;0,000822
QuickSort;6400;204434;112920;0,000904
QuickSort;6400;204434;112920;0,000897
QuickSort;6400;204434;112920;0,000921
QuickSort;6400;204434;112920;0,000881
QuickSort;6400;204434;112920;0,000866
QuickSort;6400;204434;112920;0,000856
QuickSort;6400;204434;112920;0,000881
QuickSort;6400;204434;112920;0,00087
QuickSort;6400;204434;112920;0,000869
QuickSort;6400;204434;112920;0,000885
QuickSort;6500;192046;100326;0,000688
QuickSort;6500;192046;100326;0,000635
QuickSort;6500;192046;100326;0,000604
QuickSort;6500;192046;100326;0,0006
QuickSort;6500;192046;100326;0,0006
QuickSort;6500;192046;100326;0,000616
QuickSort;6500;192046;100326;0,000618
QuickSort;6500;192046;100326;0,000612
QuickSort;6500;192046;100326;0,0006
QuickSort;6500;192046;100326;0,000619
QuickSort;6600;209528;110956;0,000615
QuickSort;6600;209528;110956;0,000619
QuickSort;6600;209528;110956;0,000607
QuickSort;6600;209528;110956;0,000598
QuickSort;6600;209528;110956;0,000606
QuickSort;6600;209528;110956;0,000605
QuickSort;6600;209528;110956;0,000602
QuickSort;6600;209528;110956;0,000603
QuickSort;6600;209528;110956;0,000661
QuickSort;6600;209528;110956;0,000942
QuickSort;6700;204516;106626;0,000636
QuickSort;6700;204516;106626;0,000617
QuickSort;6700;204516;106626;0,000615
QuickSort;6700;204516;106626;0,000617
QuickSort;6700;204516;106626;0,000615
QuickSort;6700;204516;106626;0,000616
QuickSort;6700;204516;106626;0,000619
QuickSort;6700;204516;106626;0,000647
QuickSort;6700;204516;106626;0,00063
QuickSort;6700;204516;106626;0,000619
QuickSort;6800;213798;106488;0,000635
QuickSort;6800;213798;106488;0,000743
QuickSort;6800;213798;106488;0,00063
QuickSort;6800;213798;106488;0,000633
QuickSort;6800;213798;106488;0,00063
QuickSort;6800;213798;106488;0,000622
QuickSort;6800;213798;106488;0,000623
QuickSort;6800;213798;106488;0,000641
QuickSort;6800;213798;106488;0,000621
QuickSort;6800;213798;106488;0,000627
QuickSort;6900;220941;114952;0,000641
QuickSort;6900;220941;114952;0,000625
QuickSort;6900;220941;114952;0,000634
QuickSort;6900;220941;114952;0,000633
QuickSort;6900;220941;114952;0,000629
QuickSort;6900;220941;114952;0,000633
QuickSort;6900;220941;114952;0,000628
QuickSort;6900;220941;114952;0,000627
QuickSort;6900;220941;114952;0,000649
QuickSort;6900;220941;114952;0,000643
QuickSort;7000;230503;121794;0,00066
QuickSort;7000;230503;121794;0,000686
QuickSort;7000;230503;121794;0,000748
QuickSort;7000;230503;121794;0,000954
QuickSort;7000;230503;121794;0,000948
QuickSort;7000;230503;121794;0,000956
QuickSort;7000;230503;121794;0,000941
QuickSort;7000;230503;121794;0,000916
QuickSort;7000;230503;121794;0,000756
QuickSort;7000;230503;121794;0,000654
QuickSort;7100;228206;109208;0,000658
QuickSort;7100;228206;109208;0,000661
QuickSort;7100;228206;109208;0,000645
QuickSort;7100;228206;109208;0,000653
QuickSort;7100;228206;109208;0,000689
QuickSort;7100;228206;109208;0,000647
QuickSort;7100;228206;109208;0,000641
QuickSort;7100;228206;109208;0,000647
QuickSort;7100;228206;109208;0,000651
QuickSort;7100;228206;109208;0,000642
QuickSort;7200;253249;118050;0,000702
QuickSort;7200;253249;118050;0,000673
QuickSort;7200;253249;118050;0,000669
QuickSort;7200;253249;118050;0,000677
QuickSort;7200;253249;118050;0,000665
QuickSort;7200;253249;118050;0,000666
QuickSort;7200;253249;118050;0,000679
QuickSort;7200;253249;118050;0,000673
QuickSort;7200;253249;118050;0,000696
QuickSort;7200;253249;118050;0,000677
QuickSort;7300;230239;107840;0,000713
QuickSort;7300;230239;107840;0,000679
QuickSort;7300;230239;107840;0,000799
QuickSort;7300;230239;107840;0,00068
QuickSort;7300;230239;107840;0,000668
QuickSort;7300;230239;107840;0,000688
QuickSort;7300;230239;107840;0,000668
QuickSort;7300;230239;107840;0,000665
QuickSort;7300;230239;107840;0,000874
QuickSort;7300;230239;107840;0,000662
QuickSort;7400;238322;110128;0,000701
QuickSort;7400;238322;110128;0,000703
QuickSort;7400;238322;110128;0,000691
QuickSort;7400;238322;110128;0,000692
QuickSort;7400;238322;110128;0,000709
QuickSort;7400;238322;110128;0,000757
QuickSort;7400;238322;110128;0,000692
QuickSort;7400;238322;110128;0,000694
QuickSort;7400;238322;110128;0,000689
QuickSort;7400;238322;110128;0,000686
QuickSort;7500;233190;127300;0,000741
QuickSort;7500;233190;127300;0,00072
QuickSort;7500;233190;127300;0,000713
QuickSort;7500;233190;127300;0,000727
QuickSort;7500;233190;127300;0,000737
QuickSort;7500;233190;127300;0,000736
QuickSort;7500;233190;127300;0,000737
QuickSort;7500;233190;127300;0,000719
QuickSort;7500;233190;127300;0,000722
QuickSort;7500;233190;127300;0,000722
QuickSort;7600;237845;122100;0,000736
QuickSort;7600;237845;122100;0,000733
QuickSort;7600;237845;122100;0,000726
QuickSort;7600;237845;122100;0,000747
QuickSort;7600;237845;122100;0,000729
QuickSort;7600;237845;122100;0,000731
QuickSort;7600;237845;122100;0,000731
QuickSort;7600;237845;122100;0,000724
QuickSort;7600;237845;122100;0,000722
QuickSort;7600;237845;122100;0,000752
QuickSort;7700;266360;143766;0,000767
QuickSort;7700;266360;143766;0,000769
QuickSort;7700;266360;143766;0,000748
QuickSort;7700;266360;143766;0,000758
QuickSort;7700;266360;143766;0,00075
QuickSort;7700;266360;143766;0,000743
QuickSort;7700;266360;143766;0,000751
QuickSort;7700;266360;143766;0,000748
QuickSort;7700;266360;143766;0,000789
QuickSort;7700;266360;143766;0,000748
QuickSort;7800;247348;137518;0,00076
QuickSort;7800;247348;137518;0,000759
QuickSort;7800;247348;137518;0,000776
QuickSort;7800;247348;137518;0,00076
QuickSort;7800;247348;137518;0,000776
QuickSort;7800;247348;137518;0,000759
QuickSort;7800;247348;137518;0,000756
QuickSort;7800;247348;137518;0,000757
QuickSort;7800;247348;137518;0,000766
QuickSort;7800;247348;137518;0,000762
QuickSort;7900;249028;120718;0,000775
QuickSort;7900;249028;120718;0,000803
QuickSort;7900;249028;120718;0,000756
QuickSort;7900;249028;120718;0,000766
QuickSort;7900;249028;120718;0,00076
QuickSort;7900;249028;120718;0,000757
QuickSort;7900;249028;120718;0,00076
QuickSort;7900;249028;120718;0,000768
QuickSort;7900;249028;120718;0,000776
QuickSort;7900;249028;120718;0,000774
QuickSort;8000;276536;126320;0,000779
QuickSort;8000;276536;126320;0,000791
QuickSort;8000;276536;126320;0,000773
QuickSort;8000;276536;126320;0,000895
QuickSort;8000;276536;126320;0,001116
QuickSort;8000;276536;126320;0,001116
QuickSort;8000;276536;126320;0,001113
QuickSort;8000;276536;126320;0,001126
QuickSort;8000;276536;126320;0,001128
QuickSort;8000;276536;126320;0,001126
QuickSort;8100;263253;123376;0,001145
QuickSort;8100;263253;123376;0,0011
QuickSort;8100;263253;123376;0,000925
QuickSort;8100;263253;123376;0,000763
QuickSort;8100;263253;123376;0,000778
QuickSort;8100;263253;123376;0,000778
QuickSort;8100;263253;123376;0,000763
QuickSort;8100;263253;123376;0,000771
QuickSort;8100;263253;123376;0,000776
QuickSort;8100;263253;123376;0,000766
QuickSort;8200;291321;157558;0,000814
QuickSort;8200;291321;157558;0,000841
QuickSort;8200;291321;157558;0,000806
QuickSort;8200;291321;157558;0,000813
QuickSort;8200;291321;157558;0,000823
QuickSort;8200;291321;157558;0,000804
QuickSort;8200;291321;157558;0,000806
QuickSort;8200;291321;157558;0,000804
QuickSort;8200;291321;157558;0,000817
QuickSort;8200;291321;157558;0,000828
QuickSort;8300;266278;130176;0,000793
QuickSort;8300;266278;130176;0,000795
QuickSort;8300;266278;130176;0,00092
QuickSort;8300;266278;130176;0,000783
QuickSort;8300;266278;130176;0,000779
QuickSort;8300;266278;130176;0,000787
QuickSort;8300;266278;130176;0,000777
QuickSort;8300;266278;130176;0,000785
QuickSort;8300;266278;130176;0,000803
QuickSort;8300;266278;130176;0,000782
QuickSort;8400;256422;133906;0,000811
QuickSort;8400;256422;133906;0,000819
QuickSort;8400;256422;133906;0,000821
QuickSort;8400;256422;133906;0,00094
QuickSort;8400;256422;133906;0,000803
QuickSort;8400;256422;133906;0,000802
QuickSort;8400;256422;133906;0,000799
QuickSort;8400;256422;133906;0,000804
QuickSort;8400;256422;133906;0,000813
QuickSort;8400;256422;133906;0,000803
QuickSort;8500;272723;140312;0,000817
QuickSort;8500;272723;140312;0,000817
QuickSort;8500;272723;140312;0,000811
QuickSort;8500;272723;140312;0,000835
QuickSort;8500;272723;140312;0,000811
QuickSort;8500;272723;140312;0,000814
QuickSort;8500;272723;140312;0,00082
QuickSort;8500;272723;140312;0,000835
QuickSort;8500;272723;140312;0,000809
QuickSort;8500;272723;140312;0,000813
QuickSort;8600;299801;145444;0,000814
QuickSort;8600;299801;145444;0,000807
QuickSort;8600;299801;145444;0,000812
QuickSort;8600;299801;145444;0,000814
QuickSort;8600;299801;145444;0,000865
QuickSort;8600;299801;145444;0,000803
QuickSort;8600;299801;145444;0,001002
QuickSort;8600;299801;145444;0,000802
QuickSort;8600;299801;145444;0,000838
QuickSort;8600;299801;145444;0,000815
QuickSort;8700;293632;160066;0,000854
QuickSort;8700;293632;160066;0,000931
QuickSort;8700;293632;160066;0,000908
QuickSort;8700;293632;160066;0,000853
QuickSort;8700;293632;160066;0,000863
QuickSort;8700;293632;160066;0,000847
QuickSort;8700;293632;160066;0,000855
QuickSort;8700;293632;160066;0,00085
QuickSort;8700;293632;160066;0,000854
QuickSort;8700;293632;160066;0,000835
QuickSort;8800;309268;169736;0,000857
QuickSort;8800;309268;169736;0,000844
QuickSort;8800;309268;169736;0,000848
QuickSort;8800;309268;169736;0,000948
QuickSort;8800;309268;169736;0,000855
QuickSort;8800;309268;169736;0,000866
QuickSort;8800;309268;169736;0,000847
QuickSort;8800;309268;169736;0,000856
QuickSort;8800;309268;169736;0,000932
QuickSort;8800;309268;169736;0,000848
QuickSort;8900;319531;151352;0,000872
QuickSort;8900;319531;151352;0,001118
QuickSort;8900;319531;151352;0,001167
QuickSort;8900;319531;151352;0,000961
QuickSort;8900;319531;151352;0,000872
QuickSort;8900;319531;151352;0,000859
QuickSort;8900;319531;151352;0,000846
QuickSort;8900;319531;151352;0,000859
QuickSort;8900;319531;151352;0,000857
QuickSort;8900;319531;151352;0,000968
QuickSort;9000;289141;144630;0,000915
QuickSort;9000;289141;144630;0,000855
QuickSort;9000;289141;144630;0,000863
QuickSort;9000;289141;144630;0,000868
QuickSort;9000;289141;144630;0,000875
QuickSort;9000;289141;144630;0,000855
QuickSort;9000;289141;144630;0,00086
QuickSort;9000;289141;144630;0,000855
QuickSort;9000;289141;144630;0,000857
QuickSort;9000;289141;144630;0,000862
QuickSort;9100;298884;153910;0,000873
QuickSort;9100;298884;153910;0,000862
QuickSort;9100;298884;153910;0,000859
QuickSort;9100;298884;153910;0,000856
QuickSort;9100;298884;153910;0,000864
QuickSort;9100;298884;153910;0,001095
QuickSort;9100;298884;153910;0,001256
QuickSort;9100;298884;153910;0,00096
QuickSort;9100;298884;153910;0,000859
QuickSort;9100;298884;153910;0,000901
QuickSort;9200;302732;156482;0,000891
QuickSort;9200;302732;156482;0,000881
QuickSort;9200;302732;156482;0,000878
QuickSort;9200;302732;156482;0,000893
QuickSort;9200;302732;156482;0,000876
QuickSort;9200;302732;156482;0,000894
QuickSort;9200;302732;156482;0,0009
QuickSort;9200;302732;156482;0,000872
QuickSort;9200;302732;156482;0,000973
QuickSort;9200;302732;156482;0,000906
QuickSort;9300;319728;164208;0,000942
QuickSort;9300;319728;164208;0,000914
QuickSort;9300;319728;164208;0,000913
QuickSort;9300;319728;164208;0,00094
QuickSort;9300;319728;164208;0,000909
QuickSort;9300;319728;164208;0,0009
QuickSort;9300;319728;164208;0,000901
QuickSort;9300;319728;164208;0,000901
QuickSort;9300;319728;164208;0,000919
QuickSort;9300;319728;164208;0,000906
QuickSort;9400;318027;156816;0,000964
QuickSort;9400;318027;156816;0,000878
QuickSort;9400;318027;156816;0,000899
QuickSort;9400;318027;156816;0,000875
QuickSort;9400;318027;156816;0,000878
QuickSort;9400;318027;156816;0,000877
QuickSort;9400;318027;156816;0,000888
QuickSort;9400;318027;156816;0,000887
QuickSort;9400;318027;156816;0,000875
QuickSort;9400;318027;156816;0,000874
QuickSort;9500;302222;150880;0,000915
QuickSort;9500;302222;150880;0,000897
QuickSort;9500;302222;150880;0,000893
QuickSort;9500;302222;150880;0,000896
QuickSort;9500;302222;150880;0,000917
QuickSort;9500;302222;150880;0,000903
QuickSort;9500;302222;150880;0,001278
QuickSort;9500;302222;150880;0,00132
QuickSort;9500;302222;150880;0,001373
QuickSort;9500;302222;150880;0,001308
QuickSort;9600;358220;149058;0,000943
QuickSort;9600;358220;149058;0,000916
QuickSort;9600;358220;149058;0,000915
QuickSort;9600;358220;149058;0,00092
QuickSort;9600;358220;149058;0,000913
QuickSort;9600;358220;149058;0,000977
QuickSort;9600;358220;149058;0,001394
QuickSort;9600;358220;149058;0,001457
QuickSort;9600;358220;149058;0,001423
QuickSort;9600;358220;149058;0,001516
QuickSort;9700;300925;153006;0,00133
QuickSort;9700;300925;153006;0,001339
QuickSort;9700;300925;153006;0,001338
QuickSort;9700;300925;153006;0,001327
QuickSort;9700;300925;153006;0,001476
QuickSort;9700;300925;153006;0,001364
QuickSort;9700;300925;153006;0,001362
QuickSort;9700;300925;153006;0,00138
QuickSort;9700;300925;153006;0,001337
QuickSort;9700;300925;153006;0,001365
QuickSort;9800;315452;159592;0,001529
QuickSort;9800;315452;159592;0,001691
QuickSort;9800;315452;159592;0,001349
QuickSort;9800;315452;159592;0,001358
QuickSort;9800;315452;159592;0,001062
QuickSort;9800;315452;159592;0,001309
QuickSort;9800;315452;159592;0,001348
QuickSort;9800;315452;159592;0,001021
QuickSort;9800;315452;159592;0,000919
QuickSort;9800;315452;159592;0,00092
QuickSort;9900;330883;176016;0,001425
QuickSort;9900;330883;176016;0,001383
QuickSort;9900;330883;176016;0,001043
QuickSort;9900;330883;176016;0,001396
QuickSort;9900;330883;176016;0,00141
QuickSort;9900;330883;176016;0,001372
QuickSort;9900;330883;176016;0,001395
QuickSort;9900;330883;176016;0,001439
QuickSort;9900;330883;176016;0,001338
QuickSort;9900;330883;176016;0,001334
QuickSort;10000;348225;172134;0,001362
QuickSort;10000;348225;172134;0,001151
QuickSort;10000;348225;172134;0,001278
QuickSort;10000;348225;172134;0,001016
QuickSort;10000;348225;172134;0,001301
QuickSort;10000;348225;172134;0,001005
QuickSort;10000;348225;172134;0,00102
QuickSort;10000;348225;172134;0,001029
QuickSort;10000;348225;172134;0,001001
QuickSort;10000;348225;172134;0,001011
QuickSort;100;1667;914;0,0001
QuickSort;100;1667;914;0,000088
QuickSort;100;1667;914;0,000076
QuickSort;100;1667;914;0,000074
QuickSort;100;1667;914;0,000057
QuickSort;100;1667;914;0,000057
QuickSort;100;1667;914;0,000056
QuickSort;100;1667;914;0,000029
QuickSort;100;1667;914;0,000015
QuickSort;100;1667;914;0,000015
QuickSort;200;3281;1666;0,000032
QuickSort;200;3281;1666;0,000043
QuickSort;200;3281;1666;0,00003
QuickSort;200;3281;1666;0,00003
QuickSort;200;3281;1666;0,00003
QuickSort;200;3281;1666;0,000028
QuickSort;200;3281;1666;0,000029
QuickSort;200;3281;1666;0,000038
QuickSort;200;3281;1666;0,000029
QuickSort;200;3281;1666;0,00003
QuickSort;300;5361;2866;0,000051
QuickSort;300;5361;2866;0,000051
QuickSort;300;5361;2866;0,000037
QuickSort;300;5361;2866;0,00004
QuickSort;300;5361;2866;0,000036
QuickSort;300;5361;2866;0,000037
QuickSort;300;5361;2866;0,000037
QuickSort;300;5361;2866;0,000036
QuickSort;300;5361;2866;0,000037
QuickSort;300;5361;2866;0,000038
QuickSort;400;7882;4160;0,00006
QuickSort;400;7882;4160;0,000056
QuickSort;400;7882;4160;0,000055
QuickSort;400;7882;4160;0,000057
QuickSort;400;7882;4160;0,000052
QuickSort;400;7882;4160;0,000053
QuickSort;400;7882;4160;0,000053
QuickSort;400;7882;4160;0,000052
QuickSort;400;7882;4160;0,000052
QuickSort;400;7882;4160;0,000053
QuickSort;500;10366;5578;0,000074
QuickSort;500;10366;5578;0,000096
QuickSort;500;10366;5578;0,000077
QuickSort;500;10366;5578;0,000084
QuickSort;500;10366;5578;0,00007
QuickSort;500;10366;5578;0,000069
QuickSort;500;10366;5578;0,000068
QuickSort;500;10366;5578;0,000069
QuickSort;500;10366;5578;0,000068
QuickSort;500;10366;5578;0,000069
QuickSort;600;12269;5742;0,000086
QuickSort;600;12269;5742;0,000083
QuickSort;600;12269;5742;0,000094
QuickSort;600;12269;5742;0,000083
QuickSort;600;12269;5742;0,000082
QuickSort;600;12269;5742;0,000089
QuickSort;600;12269;5742;0,000084
QuickSort;600;12269;5742;0,000081
QuickSort;600;12269;5742;0,000082
QuickSort;600;12269;5742;0,000082
QuickSort;700;15654;7266;0,000105
QuickSort;700;15654;7266;0,000102
QuickSort;700;15654;7266;0,000101
QuickSort;700;15654;7266;0,000102
QuickSort;700;15654;7266;0,000168
QuickSort;700;15654;7266;0,000193
QuickSort;700;15654;7266;0,000163
QuickSort;700;15654;7266;0,000174
QuickSort;700;15654;7266;0,000219
QuickSort;700;15654;7266;0,000137
QuickSort;800;19197;10488;0,000089
QuickSort;800;19197;10488;0,000087
QuickSort;800;19197;10488;0,00009
QuickSort;800;19197;10488;0,000086
QuickSort;800;19197;10488;0,000084
QuickSort;800;19197;10488;0,000084
QuickSort;800;19197;10488;0,000087
QuickSort;800;19197;10488;0,000086
QuickSort;800;19197;10488;0,000085
QuickSort;800;19197;10488;0,000084
QuickSort;900;20882;10954;0,000096
QuickSort;900;20882;10954;0,000095
QuickSort;900;20882;10954;0,000097
QuickSort;900;20882;10954;0,000095
QuickSort;900;20882;10954;0,000097
QuickSort;900;20882;10954;0,000098
QuickSort;900;20882;10954;0,000092
QuickSort;900;20882;10954;0,001405
QuickSort;900;20882;10954;0,000099
QuickSort;900;20882;10954;0,000095
QuickSort;1000;23516;13386;0,00011
QuickSort;1000;23516;13386;0,000107
QuickSort;1000;23516;13386;0,000105
QuickSort;1000;23516;13386;0,000108
QuickSort;1000;23516;13386;0,000107
QuickSort;1000;23516;13386;0,000111
QuickSort;1000;23516;13386;0,000109
QuickSort;1000;23516;13386;0,000111
QuickSort;1000;23516;13386;0,000111
QuickSort;1000;23516;13386;0,000113
QuickSort;1100;28058;16164;0,000129
QuickSort;1100;28058;16164;0,000124
QuickSort;1100;28058;16164;0,000134
QuickSort;1100;28058;16164;0,000131
QuickSort;1100;28058;16164;0,003276
QuickSort;1100;28058;16164;0,000131
QuickSort;1100;28058;16164;0,000137
QuickSort;1100;28058;16164;0,001406
QuickSort;1100;28058;16164;0,000243
QuickSort;1100;28058;16164;0,000656
QuickSort;1200;29798;14296;0,000148
QuickSort;1200;29798;14296;0,000126
QuickSort;1200;29798;14296;0,000122
QuickSort;1200;29798;14296;0,000128
QuickSort;1200;29798;14296;0,000125
QuickSort;1200;29798;14296;0,000119
QuickSort;1200;29798;14296;0,000124
QuickSort;1200;29798;14296;0,000136
QuickSort;1200;29798;14296;0,00012
QuickSort;1200;29798;14296;0,000122
QuickSort;1300;31280;16328;0,000146
QuickSort;1300;31280;16328;0,000136
QuickSort;1300;31280;16328;0,000138
QuickSort;1300;31280;16328;0,000135
QuickSort;1300;31280;16328;0,000138
QuickSort;1300;31280;16328;0,000143
QuickSort;1300;31280;16328;0,000147
QuickSort;1300;31280;16328;0,000146
QuickSort;1300;31280;16328;0,000128
QuickSort;1300;31280;16328;0,000137
QuickSort;1400;33870;17862;0,00016
QuickSort;1400;33870;17862;0,000145
QuickSort;1400;33870;17862;0,00015
QuickSort;1400;33870;17862;0,000151
QuickSort;1400;33870;17862;0,000149
QuickSort;1400;33870;17862;0,00015
QuickSort;1400;33870;17862;0,000102
QuickSort;1400;33870;17862;0,000107
QuickSort;1400;33870;17862;0,000099
QuickSort;1400;33870;17862;0,000098
QuickSort;1500;40492;19756;0,000174
QuickSort;1500;40492;19756;0,000164
QuickSort;1500;40492;19756;0,000163
QuickSort;1500;40492;19756;0,00016
QuickSort;1500;40492;19756;0,000162
QuickSort;1500;40492;19756;0,000163
QuickSort;1500;40492;19756;0,000161
QuickSort;1500;40492;19756;0,000163
QuickSort;1500;40492;19756;0,000206
QuickSort;1500;40492;19756;0,000183
QuickSort;1600;42294;22842;0,000182
QuickSort;1600;42294;22842;0,000187
QuickSort;1600;42294;22842;0,000139
QuickSort;1600;42294;22842;0,000124
QuickSort;1600;42294;22842;0,00012
QuickSort;1600;42294;22842;0,00012
QuickSort;1600;42294;22842;0,000123
QuickSort;1600;42294;22842;0,000173
QuickSort;1600;42294;22842;0,000122
QuickSort;1600;42294;22842;0,00012
QuickSort;1700;42762;20054;0,000194
QuickSort;1700;42762;20054;0,000132
QuickSort;1700;42762;20054;0,000128
QuickSort;1700;42762;20054;0,000127
QuickSort;1700;42762;20054;0,000178
QuickSort;1700;42762;20054;0,000177
QuickSort;1700;42762;20054;0,000184
QuickSort;1700;42762;20054;0,000209
QuickSort;1700;42762;20054;0,000197
QuickSort;1700;42762;20054;0,000195
QuickSort;1800;52954;29410;0,000228
QuickSort;1800;52954;29410;0,000225
QuickSort;1800;52954;29410;0,000226
QuickSort;1800;52954;29410;0,000224
QuickSort;1800;52954;29410;0,000216
QuickSort;1800;52954;29410;0,00021
QuickSort;1800;52954;29410;0,00021
QuickSort;1800;52954;29410;0,000226
QuickSort;1800;52954;29410;0,000227
QuickSort;1800;52954;29410;0,000228
QuickSort;1900;51597;24450;0,000226
QuickSort;1900;51597;24450;0,000219
QuickSort;1900;51597;24450;0,000219
QuickSort;1900;51597;24450;0,000219
QuickSort;1900;51597;24450;0,000223
QuickSort;1900;51597;24450;0,000226
QuickSort;1900;51597;24450;0,000227
QuickSort;1900;51597;24450;0,000222
QuickSort;1900;51597;24450;0,000213
QuickSort;1900;51597;24450;0,000217
QuickSort;2000;56822;25402;0,000216
QuickSort;2000;56822;25402;0,000211
QuickSort;2000;56822;25402;0,000214
QuickSort;2000;56822;25402;0,000212
QuickSort;2000;56822;25402;0,000212
QuickSort;2000;56822;25402;0,000212
QuickSort;2000;56822;25402;0,000212
QuickSort;2000;56822;25402;0,000214
QuickSort;2000;56822;25402;0,00021
QuickSort;2000;56822;25402;0,000214
QuickSort;2100;58411;27792;0,000232
QuickSort;2100;58411;27792;0,000229
QuickSort;2100;58411;27792;0,000228
QuickSort;2100;58411;27792;0,000233
QuickSort;2100;58411;27792;0,000227
QuickSort;2100;58411;27792;0,000228
QuickSort;2100;58411;27792;0,00023
QuickSort;2100;58411;27792;0,000232
QuickSort;2100;58411;27792;0,000229
QuickSort;2100;58411;27792;0,000246
QuickSort;2200;57149;32838;0,000199
QuickSort;2200;57149;32838;0,000175
QuickSort;2200;57149;32838;0,000173
QuickSort;2200;57149;32838;0,000173
QuickSort;2200;57149;32838;0,000178
QuickSort;2200;57149;32838;0,000175
QuickSort;2200;57149;32838;0,000173
QuickSort;2200;57149;32838;0,000174
QuickSort;2200;57149;32838;0,000176
QuickSort;2200;57149;32838;0,00018
QuickSort;2300;68303;30144;0,000187
QuickSort;2300;68303;30144;0,000183
QuickSort;2300;68303;30144;0,000182
QuickSort;2300;68303;30144;0,000182
QuickSort;2300;68303;30144;0,000231
QuickSort;2300;68303;30144;0,000198
QuickSort;2300;68303;30144;0,000181
QuickSort;2300;68303;30144;0,000181
QuickSort;2300;68303;30144;0,000182
QuickSort;2300;68303;30144;0,000189
QuickSort;2400;60924;31888;0,000294
QuickSort;2400;60924;31888;0,000289
QuickSort;2400;60924;31888;0,000293
QuickSort;2400;60924;31888;0,000331
QuickSort;2400;60924;31888;0,000227
QuickSort;2400;60924;31888;0,000195
QuickSort;2400;60924;31888;0,000196
QuickSort;2400;60924;31888;0,000191
QuickSort;2400;60924;31888;0,00019
QuickSort;2400;60924;31888;0,00019
QuickSort;2500;66876;30220;0,000203
QuickSort;2500;66876;30220;0,000197
QuickSort;2500;66876;30220;0,000201
QuickSort;2500;66876;30220;0,000194
QuickSort;2500;66876;30220;0,000195
QuickSort;2500;66876;30220;0,000198
QuickSort;2500;66876;30220;0,000281
QuickSort;2500;66876;30220;0,000288
QuickSort;2500;66876;30220;0,000299
QuickSort;2500;66876;30220;0,000227
QuickSort;2600;79133;43478;0,000221
QuickSort;2600;79133;43478;0,000217
QuickSort;2600;79133;43478;0,000215
QuickSort;2600;79133;43478;0,000223
QuickSort;2600;79133;43478;0,000218
QuickSort;2600;79133;43478;0,000219
QuickSort;2600;79133;43478;0,000216
QuickSort;2600;79133;43478;0,000216
QuickSort;2600;79133;43478;0,000215
QuickSort;2600;79133;43478;0,000214
QuickSort;2700;71334;38632;0,000231
QuickSort;2700;71334;38632;0,000225
QuickSort;2700;71334;38632;0,000222
QuickSort;2700;71334;38632;0,000219
QuickSort;2700;71334;38632;0,000244
QuickSort;2700;71334;38632;0,000231
QuickSort;2700;71334;38632;0,000221
QuickSort;2700;71334;38632;0,000224
QuickSort;2700;71334;38632;0,000219
QuickSort;2700;71334;38632;0,000221
QuickSort;2800;79953;39652;0,000229
QuickSort;2800;79953;39652;0,000227
QuickSort;2800;79953;39652;0,000227
QuickSort;2800;79953;39652;0,000228
QuickSort;2800;79953;39652;0,000227
QuickSort;2800;79953;39652;0,00023
QuickSort;2800;79953;39652;0,000225
QuickSort;2800;79953;39652;0,000227
QuickSort;2800;79953;39652;0,000223
QuickSort;2800;79953;39652;0,000226
QuickSort;2900;87177;40190;0,000241
QuickSort;2900;87177;40190;0,000236
QuickSort;2900;87177;40190;0,000235
QuickSort;2900;87177;40190;0,000234
QuickSort;2900;87177;40190;0,00024
QuickSort;2900;87177;40190;0,000233
QuickSort;2900;87177;40190;0,000234
QuickSort;2900;87177;40190;0,000234
QuickSort;2900;87177;40190;0,000234
QuickSort;2900;87177;40190;0,000236
QuickSort;3000;81323;44798;0,000247
QuickSort;3000;81323;44798;0,000245
QuickSort;3000;81323;44798;0,000246
QuickSort;3000;81323;44798;0,000244
QuickSort;3000;81323;44798;0,000247
QuickSort;3000;81323;44798;0,000247
QuickSort;3000;81323;44798;0,000246
QuickSort;3000;81323;44798;0,000367
QuickSort;3000;81323;44798;0,000386
QuickSort;3000;81323;44798;0,000371
QuickSort;3100;86335;44014;0,000389
QuickSort;3100;86335;44014;0,000392
QuickSort;3100;86335;44014;0,000354
QuickSort;3100;86335;44014;0,000336
QuickSort;3100;86335;44014;0,000264
QuickSort;3100;86335;44014;0,000267
QuickSort;3100;86335;44014;0,000257
QuickSort;3100;86335;44014;0,000285
QuickSort;3100;86335;44014;0,000366
QuickSort;3100;86335;44014;0,000392
QuickSort;3200;88761;43732;0,000412
QuickSort;3200;88761;43732;0,00043
QuickSort;3200;88761;43732;0,000416
QuickSort;3200;88761;43732;0,000411
QuickSort;3200;88761;43732;0,000404
QuickSort;3200;88761;43732;0,000392
QuickSort;3200;88761;43732;0,000314
QuickSort;3200;88761;43732;0,000269
QuickSort;3200;88761;43732;0,000266
QuickSort;3200;88761;43732;0,000269
QuickSort;3300;95559;49576;0,00028
QuickSort;3300;95559;49576;0,000415
QuickSort;3300;95559;49576;0,000403
QuickSort;3300;95559;49576;0,000408
QuickSort;3300;95559;49576;0,000408
QuickSort;3300;95559;49576;0,000413
QuickSort;3300;95559;49576;0,000407
QuickSort;3300;95559;49576;0,000358
QuickSort;3300;95559;49576;0,000414
QuickSort;3300;95559;49576;0,000423
QuickSort;3400;92184;48148;0,000386
QuickSort;3400;92184;48148;0,000334
QuickSort;3400;92184;48148;0,000283
QuickSort;3400;92184;48148;0,000281
QuickSort;3400;92184;48148;0,000307
QuickSort;3400;92184;48148;0,000287
QuickSort;3400;92184;48148;0,000281
QuickSort;3400;92184;48148;0,000296
QuickSort;3400;92184;48148;0,000283
QuickSort;3400;92184;48148;0,000281
QuickSort;3500;99079;53966;0,000313
QuickSort;3500;99079;53966;0,000398
QuickSort;3500;99079;53966;0,000442
QuickSort;3500;99079;53966;0,00046
QuickSort;3500;99079;53966;0,00045
QuickSort;3500;99079;53966;0,000448
QuickSort;3500;99079;53966;0,000448
QuickSort;3500;99079;53966;0,000448
QuickSort;3500;99079;53966;0,000434
QuickSort;3500;99079;53966;0,000448
QuickSort;3600;107183;51086;0,000481
QuickSort;3600;107183;51086;0,000468
QuickSort;3600;107183;51086;0,000461
QuickSort;3600;107183;51086;0,000467
QuickSort;3600;107183;51086;0,000462
QuickSort;3600;107183;51086;0,000464
QuickSort;3600;107183;51086;0,000464
QuickSort;3600;107183;51086;0,000467
QuickSort;3600;107183;51086;0,000467
QuickSort;3600;107183;51086;0,000467
QuickSort;3700;112518;51554;0,000321
QuickSort;3700;112518;51554;0,000314
QuickSort;3700;112518;51554;0,00032
QuickSort;3700;112518;51554;0,000315
QuickSort;3700;112518;51554;0,000311
QuickSort;3700;112518;51554;0,000312
QuickSort;3700;112518;51554;0,000313
QuickSort;3700;112518;51554;0,000313
QuickSort;3700;112518;51554;0,000314
QuickSort;3700;112518;51554;0,000312
QuickSort;3800;110320;56226;0,00033
QuickSort;3800;110320;56226;0,000324
QuickSort;3800;110320;56226;0,000324
QuickSort;3800;110320;56226;0,00036
QuickSort;3800;110320;56226;0,000336
QuickSort;3800;110320;56226;0,000321
QuickSort;3800;110320;56226;0,000328
QuickSort;3800;110320;56226;0,000328
QuickSort;3800;110320;56226;0,000319
QuickSort;3800;110320;56226;0,000323
QuickSort;3900;116697;66482;0,000345
QuickSort;3900;116697;66482;0,000341
QuickSort;3900;116697;66482;0,000342
QuickSort;3900;116697;66482;0,000351
QuickSort;3900;116697;66482;0,000341
QuickSort;3900;116697;66482;0,000341
QuickSort;3900;116697;66482;0,000341
QuickSort;3900;116697;66482;0,00034
QuickSort;3900;116697;66482;0,000341
QuickSort;3900;116697;66482;0,000341
QuickSort;4000;109769;60590;0,00035
QuickSort;4000;109769;60590;0,000343
QuickSort;4000;109769;60590;0,000347
QuickSort;4000;109769;60590;0,000341
QuickSort;4000;109769;60590;0,000345
QuickSort;4000;109769;60590;0,000339
QuickSort;4000;109769;60590;0,000341
QuickSort;4000;109769;60590;0,000368
QuickSort;4000;109769;60590;0,000343
QuickSort;4000;109769;60590;0,000341
QuickSort;4100;124490;68444;0,000356
QuickSort;4100;124490;68444;0,000357
QuickSort;4100;124490;68444;0,000354
QuickSort;4100;124490;68444;0,000353
QuickSort;4100;124490;68444;0,000354
QuickSort;4100;124490;68444;0,000352
QuickSort;4100;124490;68444;0,00036
QuickSort;4100;124490;68444;0,000351
QuickSort;4100;124490;68444;0,000352
QuickSort;4100;124490;68444;0,000356
QuickSort;4200;132180;59380;0,000357
QuickSort;4200;132180;59380;0,000353
QuickSort;4200;132180;59380;0,000354
QuickSort;4200;132180;59380;0,000353
QuickSort;4200;132180;59380;0,00035
QuickSort;4200;132180;59380;0,000354
QuickSort;4200;132180;59380;0,000358
QuickSort;4200;132180;59380;0,000351
QuickSort;4200;132180;59380;0,000358
QuickSort;4200;132180;59380;0,000351
QuickSort;4300;143152;71748;0,000386
QuickSort;4300;143152;71748;0,000384
QuickSort;4300;143152;71748;0,000384
QuickSort;4300;143152;71748;0,000384
QuickSort;4300;143152;71748;0,000384
QuickSort;4300;143152;71748;0,000383
QuickSort;4300;143152;71748;0,000383
QuickSort;4300;143152;71748;0,00039
QuickSort;4300;143152;71748;0,000384
QuickSort;4300;143152;71748;0,000383
QuickSort;4400;131777;70614;0,000391
QuickSort;4400;131777;70614;0,000388
QuickSort;4400;131777;70614;0,000393
QuickSort;4400;131777;70614;0,000391
QuickSort;4400;131777;70614;0,000387
QuickSort;4400;131777;70614;0,000389
QuickSort;4400;131777;70614;0,000387
QuickSort;4400;131777;70614;0,000392
QuickSort;4400;131777;70614;0,00039
QuickSort;4400;131777;70614;0,000389
QuickSort;4500;134144;60308;0,000391
QuickSort;4500;134144;60308;0,000385
QuickSort;4500;134144;60308;0,00039
QuickSort;4500;134144;60308;0,000386
QuickSort;4500;134144;60308;0,000388
QuickSort;4500;134144;60308;0,000383
QuickSort;4500;134144;60308;0,000384
QuickSort;4500;134144;60308;0,000386
QuickSort;4500;134144;60308;0,000383
QuickSort;4500;134144;60308;0,000388
QuickSort;4600;144323;79452;0,000422
QuickSort;4600;144323;79452;0,00042
QuickSort;4600;144323;79452;0,000417
QuickSort;4600;144323;79452;0,000417
QuickSort;4600;144323;79452;0,000414
QuickSort;4600;144323;79452;0,000418
QuickSort;4600;144323;79452;0,000416
QuickSort;4600;144323;79452;0,000414
QuickSort;4600;144323;79452;0,000414
QuickSort;4600;144323;79452;0,000416
QuickSort;4700;146477;79302;0,00043
QuickSort;4700;146477;79302;0,000424
QuickSort;4700;146477;79302;0,00045
QuickSort;4700;146477;79302;0,000424
QuickSort;4700;146477;79302;0,000414
QuickSort;4700;146477;79302;0,000414
QuickSort;4700;146477;79302;0,000414
QuickSort;4700;146477;79302;0,000413
QuickSort;4700;146477;79302;0,000602
QuickSort;4700;146477;79302;0,00042
QuickSort;4800;145624;64510;0,000434
QuickSort;4800;145624;64510;0,000451
QuickSort;4800;145624;64510;0,000429
QuickSort;4800;145624;64510;0,000424
QuickSort;4800;145624;64510;0,000428
QuickSort;4800;145624;64510;0,000423
QuickSort;4800;145624;64510;0,000426
QuickSort;4800;145624;64510;0,000425
QuickSort;4800;145624;64510;0,000429
QuickSort;4800;145624;64510;0,000426
QuickSort;4900;143139;70754;0,000449
QuickSort;4900;143139;70754;0,000443
QuickSort;4900;143139;70754;0,000452
QuickSort;4900;143139;70754;0,00044
QuickSort;4900;143139;70754;0,000443
QuickSort;4900;143139;70754;0,00044
QuickSort;4900;143139;70754;0,000443
QuickSort;4900;143139;70754;0,000436
QuickSort;4900;143139;70754;0,000442
QuickSort;4900;143139;70754;0,000438
QuickSort;5000;143681;80088;0,000451
QuickSort;5000;143681;80088;0,00045
QuickSort;5000;143681;80088;0,000445
QuickSort;5000;143681;80088;0,000456
QuickSort;5000;143681;80088;0,000446
QuickSort;5000;143681;80088;0,00045
QuickSort;5000;143681;80088;0,000448
QuickSort;5000;143681;80088;0,000453
QuickSort;5000;143681;80088;0,000443
QuickSort;5000;143681;80088;0,00045
QuickSort;5100;151839;74684;0,000461
QuickSort;5100;151839;74684;0,000454
QuickSort;5100;151839;74684;0,000469
QuickSort;5100;151839;74684;0,000456
QuickSort;5100;151839;74684;0,000454
QuickSort;5100;151839;74684;0,000454
QuickSort;5100;151839;74684;0,000533
QuickSort;5100;151839;74684;0,000506
QuickSort;5100;151839;74684;0,000462
QuickSort;5100;151839;74684;0,000459
QuickSort;5200;167299;90078;0,000485
QuickSort;5200;167299;90078;0,000493
QuickSort;5200;167299;90078;0,000509
QuickSort;5200;167299;90078;0,000475
QuickSort;5200;167299;90078;0,000474
QuickSort;5200;167299;90078;0,000474
QuickSort;5200;167299;90078;0,000474
QuickSort;5200;167299;90078;0,000475
QuickSort;5200;167299;90078;0,000476
QuickSort;5200;167299;90078;0,000474
QuickSort;5300;169878;83410;0,000485
QuickSort;5300;169878;83410;0,000467
QuickSort;5300;169878;83410;0,000476
QuickSort;5300;169878;83410;0,000467
QuickSort;5300;169878;83410;0,000474
QuickSort;5300;169878;83410;0,000474
QuickSort;5300;169878;83410;0,000475
QuickSort;5300;169878;83410;0,000473
QuickSort;5300;169878;83410;0,000474
QuickSort;5300;169878;83410;0,000472
QuickSort;5400;169767;81742;0,000503
QuickSort;5400;169767;81742;0,000479
QuickSort;5400;169767;81742;0,000549
QuickSort;5400;169767;81742;0,000484
QuickSort;5400;169767;81742;0,00051
QuickSort;5400;169767;81742;0,00048
QuickSort;5400;169767;81742;0,000535
QuickSort;5400;169767;81742;0,000476
QuickSort;5400;169767;81742;0,000496
QuickSort;5400;169767;81742;0,000477
QuickSort;5500;163302;89102;0,000745
QuickSort;5500;163302;89102;0,000843
QuickSort;5500;163302;89102;0,000911
QuickSort;5500;163302;89102;0,00109
QuickSort;5500;163302;89102;0,000873
QuickSort;5500;163302;89102;0,000858
QuickSort;5500;163302;89102;0,000814
QuickSort;5500;163302;89102;0,000967
QuickSort;5500;163302;89102;0,000786
QuickSort;5500;163302;89102;0,00076
QuickSort;5600;178448;81286;0,000787
QuickSort;5600;178448;81286;0,000831
QuickSort;5600;178448;81286;0,000848
QuickSort;5600;178448;81286;0,000847
QuickSort;5600;178448;81286;0,000818
QuickSort;5600;178448;81286;0,00083
QuickSort;5600;178448;81286;0,000763
QuickSort;5600;178448;81286;0,000774
QuickSort;5600;178448;81286;0,000671
QuickSort;5600;178448;81286;0,000535
QuickSort;5700;181598;92992;0,000525
QuickSort;5700;181598;92992;0,00052
QuickSort;5700;181598;92992;0,000517
QuickSort;5700;181598;92992;0,000518
QuickSort;5700;181598;92992;0,000518
QuickSort;5700;181598;92992;0,000519
QuickSort;5700;181598;92992;0,000518
QuickSort;5700;181598;92992;0,000523
QuickSort;5700;181598;92992;0,000517
QuickSort;5700;181598;92992;0,000536
QuickSort;5800;169068;88670;0,00054
QuickSort;5800;169068;88670;0,000534
QuickSort;5800;169068;88670;0,000581
QuickSort;5800;169068;88670;0,000546
QuickSort;5800;169068;88670;0,000543
QuickSort;5800;169068;88670;0,000535
QuickSort;5800;169068;88670;0,000533
QuickSort;5800;169068;88670;0,000536
QuickSort;5800;169068;88670;0,000531
QuickSort;5800;169068;88670;0,000539
QuickSort;5900;172410;88022;0,000636
QuickSort;5900;172410;88022;0,000532
QuickSort;5900;172410;88022;0,000548
QuickSort;5900;172410;88022;0,000531
QuickSort;5900;172410;88022;0,000529
QuickSort;5900;172410;88022;0,00053
QuickSort;5900;172410;88022;0,000528
QuickSort;5900;172410;88022;0,00053
QuickSort;5900;172410;88022;0,000535
QuickSort;5900;172410;88022;0,000709
QuickSort;6000;185175;84428;0,000561
QuickSort;6000;185175;84428;0,000548
QuickSort;6000;185175;84428;0,000871
QuickSort;6000;185175;84428;0,000836
QuickSort;6000;185175;84428;0,000838
QuickSort;6000;185175;84428;0,000862
QuickSort;6000;185175;84428;0,000635
QuickSort;6000;185175;84428;0,000551
QuickSort;6000;185175;84428;0,000554
QuickSort;6000;185175;84428;0,000557
QuickSort;6100;199469;105762;0,000604
QuickSort;6100;199469;105762;0,000608
QuickSort;6100;199469;105762;0,000948
QuickSort;6100;199469;105762;0,000906
QuickSort;6100;199469;105762;0,000869
QuickSort;6100;199469;105762;0,000846
QuickSort;6100;199469;105762;0,000859
QuickSort;6100;199469;105762;0,000861
QuickSort;6100;199469;105762;0,000583
QuickSort;6100;199469;105762;0,000572
QuickSort;6200;193396;110582;0,000591
QuickSort;6200;193396;110582;0,000586
QuickSort;6200;193396;110582;0,000589
QuickSort;6200;193396;110582;0,000577
QuickSort;6200;193396;110582;0,000758
QuickSort;6200;193396;110582;0,000877
QuickSort;6200;193396;110582;0,000854
QuickSort;6200;193396;110582;0,000836
QuickSort;6200;193396;110582;0,000849
QuickSort;6200;193396;110582;0,000865
QuickSort;6300;199580;97880;0,000869
QuickSort;6300;199580;97880;0,000887
QuickSort;6300;199580;97880;0,000881
QuickSort;6300;199580;97880;0,000878
QuickSort;6300;199580;97880;0,000863
QuickSort;6300;199580;97880;0,00084
QuickSort;6300;199580;97880;0,000827
QuickSort;6300;199580;97880;0,000611
QuickSort;6300;199580;97880;0,000583
QuickSort;6300;199580;97880;0,000576
QuickSort;6400;212877;108758;0,000609
QuickSort;6400;212877;108758;0,000618
QuickSort;6400;212877;108758;0,000619
QuickSort;6400;212877;108758;0,000602
QuickSort;6400;212877;108758;0,000598
QuickSort;6400;212877;108758;0,000643
QuickSort;6400;212877;108758;0,000612
QuickSort;6400;212877;108758;0,000606
QuickSort;6400;212877;108758;0,000619
QuickSort;6400;212877;108758;0,000659
QuickSort;6500;203849;114760;0,000617
QuickSort;6500;203849;114760;0,000616
QuickSort;6500;203849;114760;0,000637
QuickSort;6500;203849;114760;0,000613
QuickSort;6500;203849;114760;0,000608
QuickSort;6500;203849;114760;0,000611
QuickSort;6500;203849;114760;0,000601
QuickSort;6500;203849;114760;0,0006
QuickSort;6500;203849;114760;0,00061
QuickSort;6500;203849;114760;0,000613
QuickSort;6600;211455;113236;0,000662
QuickSort;6600;211455;113236;0,00061
QuickSort;6600;211455;113236;0,000611
QuickSort;6600;211455;113236;0,000608
QuickSort;6600;211455;113236;0,000611
QuickSort;6600;211455;113236;0,000611
QuickSort;6600;211455;113236;0,000617
QuickSort;6600;211455;113236;0,000629
QuickSort;6600;211455;113236;0,000615
QuickSort;6600;211455;113236;0,000641
QuickSort;6700;201544;108470;0,000658
QuickSort;6700;201544;108470;0,00063
QuickSort;6700;201544;108470;0,000652
QuickSort;6700;201544;108470;0,00063
QuickSort;6700;201544;108470;0,000625
QuickSort;6700;201544;108470;0,000649
QuickSort;6700;201544;108470;0,00065
QuickSort;6700;201544;108470;0,000647
QuickSort;6700;201544;108470;0,000633
QuickSort;6700;201544;108470;0,000632
QuickSort;6800;210487;108002;0,000647
QuickSort;6800;210487;108002;0,000639
QuickSort;6800;210487;108002;0,000639
QuickSort;6800;210487;108002;0,000648
QuickSort;6800;210487;108002;0,000645
QuickSort;6800;210487;108002;0,000635
QuickSort;6800;210487;108002;0,000636
QuickSort;6800;210487;108002;0,000789
QuickSort;6800;210487;108002;0,00066
QuickSort;6800;210487;108002;0,00064
QuickSort;6900;207548;105906;0,000653
QuickSort;6900;207548;105906;0,000667
QuickSort;6900;207548;105906;0,00064
QuickSort;6900;207548;105906;0,000634
QuickSort;6900;207548;105906;0,00064
QuickSort;6900;207548;105906;0,000646
QuickSort;6900;207548;105906;0,000645
QuickSort;6900;207548;105906;0,000638
QuickSort;6900;207548;105906;0,000642
QuickSort;6900;207548;105906;0,000635
QuickSort;7000;217711;111414;0,00068
QuickSort;7000;217711;111414;0,0007
QuickSort;7000;217711;111414;0,000661
QuickSort;7000;217711;111414;0,000669
QuickSort;7000;217711;111414;0,00067
QuickSort;7000;217711;111414;0,000673
QuickSort;7000;217711;111414;0,00066
QuickSort;7000;217711;111414;0,000894
QuickSort;7000;217711;111414;0,000993
QuickSort;7000;217711;111414;0,000996
QuickSort;7100;229627;124888;0,001029
QuickSort;7100;229627;124888;0,001094
QuickSort;7100;229627;124888;0,000978
QuickSort;7100;229627;124888;0,001031
QuickSort;7100;229627;124888;0,001032
QuickSort;7100;229627;124888;0,001012
QuickSort;7100;229627;124888;0,001107
QuickSort;7100;229627;124888;0,000704
QuickSort;7100;229627;124888;0,00068
QuickSort;7100;229627;124888;0,000683
QuickSort;7200;226571;124110;0,000708
QuickSort;7200;226571;124110;0,000684
QuickSort;7200;226571;124110;0,000693
QuickSort;7200;226571;124110;0,000695
QuickSort;7200;226571;124110;0,000693
QuickSort;7200;226571;124110;0,000697
QuickSort;7200;226571;124110;0,000714
QuickSort;7200;226571;124110;0,000696
QuickSort;7200;226571;124110;0,000692
QuickSort;7200;226571;124110;0,000701
QuickSort;7300;225161;125916;0,000704
QuickSort;7300;225161;125916;0,000692
QuickSort;7300;225161;125916;0,000697
QuickSort;7300;225161;125916;0,000691
QuickSort;7300;225161;125916;0,000723
QuickSort;7300;225161;125916;0,000697
QuickSort;7300;225161;125916;0,00072
QuickSort;7300;225161;125916;0,000697
QuickSort;7300;225161;125916;0,000704
QuickSort;7300;225161;125916;0,000695
QuickSort;7400;238973;116292;0,000728
QuickSort;7400;238973;116292;0,000696
QuickSort;7400;238973;116292;0,000692
QuickSort;7400;238973;116292;0,000692
QuickSort;7400;238973;116292;0,00069
QuickSort;7400;238973;116292;0,000702
QuickSort;7400;238973;116292;0,00071
QuickSort;7400;238973;116292;0,000696
QuickSort;7400;238973;116292;0,000693
QuickSort;7400;238973;116292;0,00071
QuickSort;7500;252584;126102;0,000752
QuickSort;7500;252584;126102;0,000737
QuickSort;7500;252584;126102;0,00073
QuickSort;7500;252584;126102;0,000739
QuickSort;7500;252584;126102;0,000732
QuickSort;7500;252584;126102;0,000733
QuickSort;7500;252584;126102;0,000738
QuickSort;7500;252584;126102;0,000726
QuickSort;7500;252584;126102;0,000727
QuickSort;7500;252584;126102;0,000726
QuickSort;7600;249523;133400;0,000758
QuickSort;7600;249523;133400;0,000746
QuickSort;7600;249523;133400;0,00075
QuickSort;7600;249523;133400;0,000761
QuickSort;7600;249523;133400;0,00075
QuickSort;7600;249523;133400;0,000742
QuickSort;7600;249523;133400;0,000748
QuickSort;7600;249523;133400;0,000751
QuickSort;7600;249523;133400;0,000743
QuickSort;7600;249523;133400;0,000771
QuickSort;7700;239966;106240;0,000735
QuickSort;7700;239966;106240;0,00072
QuickSort;7700;239966;106240;0,000731
QuickSort;7700;239966;106240;0,00073
QuickSort;7700;239966;106240;0,000726
QuickSort;7700;239966;106240;0,000722
QuickSort;7700;239966;106240;0,000727
QuickSort;7700;239966;106240;0,000728
QuickSort;7700;239966;106240;0,000728
QuickSort;7700;239966;106240;0,000718
QuickSort;7800;256872;142138;0,000771
QuickSort;7800;256872;142138;0,00077
QuickSort;7800;256872;142138;0,000769
QuickSort;7800;256872;142138;0,000792
QuickSort;7800;256872;142138;0,000793
QuickSort;7800;256872;142138;0,000769
QuickSort;7800;256872;142138;0,00078
QuickSort;7800;256872;142138;0,000773
QuickSort;7800;256872;142138;0,000793
QuickSort;7800;256872;142138;0,000785
QuickSort;7900;255919;121780;0,000771
QuickSort;7900;255919;121780;0,000762
QuickSort;7900;255919;121780;0,000762
QuickSort;7900;255919;121780;0,000769
QuickSort;7900;255919;121780;0,000773
QuickSort;7900;255919;121780;0,000758
QuickSort;7900;255919;121780;0,000763
QuickSort;7900;255919;121780;0,00076
QuickSort;7900;255919;121780;0,001133
QuickSort;7900;255919;121780;0,001178
QuickSort;8000;260549;124390;0,001147
QuickSort;8000;260549;124390;0,001138
QuickSort;8000;260549;124390;0,001144
QuickSort;8000;260549;124390;0,00106
QuickSort;8000;260549;124390;0,000769
QuickSort;8000;260549;124390;0,000756
QuickSort;8000;260549;124390;0,000771
QuickSort;8000;260549;124390;0,000756
QuickSort;8000;260549;124390;0,000763
QuickSort;8000;260549;124390;0,000776
QuickSort;8100;276211;150798;0,001208
QuickSort;8100;276211;150798;0,001228
QuickSort;8100;276211;150798;0,001213
QuickSort;8100;276211;150798;0,001201
QuickSort;8100;276211;150798;0,001036
QuickSort;8100;276211;150798;0,000816
QuickSort;8100;276211;150798;0,000814
QuickSort;8100;276211;150798;0,000804
QuickSort;8100;276211;150798;0,000808
QuickSort;8100;276211;150798;0,000803
QuickSort;8200;274203;136564;0,000806
QuickSort;8200;274203;136564;0,000829
QuickSort;8200;274203;136564;0,000804
QuickSort;8200;274203;136564;0,000796
QuickSort;8200;274203;136564;0,00079
QuickSort;8200;274203;136564;0,000825
QuickSort;8200;274203;136564;0,000814
QuickSort;8200;274203;136564;0,000809
QuickSort;8200;274203;136564;0,000791
QuickSort;8200;274203;136564;0,000794
QuickSort;8300;276801;132984;0,000812
QuickSort;8300;276801;132984;0,000854
QuickSort;8300;276801;132984;0,000853
QuickSort;8300;276801;132984;0,000848
QuickSort;8300;276801;132984;0,000842
QuickSort;8300;276801;132984;0,000844
QuickSort;8300;276801;132984;0,000829
QuickSort;8300;276801;132984;0,000864
QuickSort;8300;276801;132984;0,000868
QuickSort;8300;276801;132984;0,000843
QuickSort;8400;285933;140254;0,000833
QuickSort;8400;285933;140254;0,000823
QuickSort;8400;285933;140254;0,000828
QuickSort;8400;285933;140254;0,00088
QuickSort;8400;285933;140254;0,000833
QuickSort;8400;285933;140254;0,000851
QuickSort;8400;285933;140254;0,000829
QuickSort;8400;285933;140254;0,000847
QuickSort;8400;285933;140254;0,000857
QuickSort;8400;285933;140254;0,000854
QuickSort;8500;292977;134328;0,000867
QuickSort;8500;292977;134328;0,000844
QuickSort;8500;292977;134328;0,000843
QuickSort;8500;292977;134328;0,000877
QuickSort;8500;292977;134328;0,000836
QuickSort;8500;292977;134328;0,0009
QuickSort;8500;292977;134328;0,000988
QuickSort;8500;292977;134328;0,001169
QuickSort;8500;292977;134328;0,001195
QuickSort;8500;292977;134328;0,001253
QuickSort;8600;279791;131504;0,000824
QuickSort;8600;279791;131504;0,000806
QuickSort;8600;279791;131504;0,000813
QuickSort;8600;279791;131504;0,000801
QuickSort;8600;279791;131504;0,000809
QuickSort;8600;279791;131504;0,000818
QuickSort;8600;279791;131504;0,000809
QuickSort;8600;279791;131504;0,000825
QuickSort;8600;279791;131504;0,00082
QuickSort;8600;279791;131504;0,000816
QuickSort;8700;274799;139188;0,0009
QuickSort;8700;274799;139188;0,00087
QuickSort;8700;274799;139188;0,000876
QuickSort;8700;274799;139188;0,000852
QuickSort;8700;274799;139188;0,000872
QuickSort;8700;274799;139188;0,000853
QuickSort;8700;274799;139188;0,000844
QuickSort;8700;274799;139188;0,000838
QuickSort;8700;274799;139188;0,000848
QuickSort;8700;274799;139188;0,000847
QuickSort;8800;280329;147644;0,00086
QuickSort;8800;280329;147644;0,000837
QuickSort;8800;280329;147644;0,000826
QuickSort;8800;280329;147644;0,000834
QuickSort;8800;280329;147644;0,000881
QuickSort;8800;280329;147644;0,000843
QuickSort;8800;280329;147644;0,000852
QuickSort;8800;280329;147644;0,00085
QuickSort;8800;280329;147644;0,000829
QuickSort;8800;280329;147644;0,000863
QuickSort;8900;276833;136062;0,000842
QuickSort;8900;276833;136062;0,000838
QuickSort;8900;276833;136062;0,000869
QuickSort;8900;276833;136062;0,000834
QuickSort;8900;276833;136062;0,000834
QuickSort;8900;276833;136062;0,000839
QuickSort;8900;276833;136062;0,000844
QuickSort;8900;276833;136062;0,000839
QuickSort;8900;276833;136062;0,000835
QuickSort;8900;276833;136062;0,000838
QuickSort;9000;295825;171750;0,000894
QuickSort;9000;295825;171750;0,001325
QuickSort;9000;295825;171750;0,001344
QuickSort;9000;295825;171750;0,001327
QuickSort;9000;295825;171750;0,001295
QuickSort;9000;295825;171750;0,0013
QuickSort;9000;295825;171750;0,001289
QuickSort;9000;295825;171750;0,001344
QuickSort;9000;295825;171750;0,001324
QuickSort;9000;295825;171750;0,001307
QuickSort;9100;280458;140188;0,000858
QuickSort;9100;280458;140188;0,00085
QuickSort;9100;280458;140188;0,000857
QuickSort;9100;280458;140188;0,000863
QuickSort;9100;280458;140188;0,000875
QuickSort;9100;280458;140188;0,000847
QuickSort;9100;280458;140188;0,000866
QuickSort;9100;280458;140188;0,000851
QuickSort;9100;280458;140188;0,000851
QuickSort;9100;280458;140188;0,000848
QuickSort;9200;311924;150820;0,000904
QuickSort;9200;311924;150820;0,00089
QuickSort;9200;311924;150820;0,000886
QuickSort;9200;311924;150820;0,000874
QuickSort;9200;311924;150820;0,000882
QuickSort;9200;311924;150820;0,000888
QuickSort;9200;311924;150820;0,000879
QuickSort;9200;311924;150820;0,000885
QuickSort;9200;311924;150820;0,000891
QuickSort;9200;311924;150820;0,000941
QuickSort;9300;294929;151112;0,001338
QuickSort;9300;294929;151112;0,001322
QuickSort;9300;294929;151112;0,001332
QuickSort;9300;294929;151112;0,001326
QuickSort;9300;294929;151112;0,001334
QuickSort;9300;294929;151112;0,001386
QuickSort;9300;294929;151112;0,001341
QuickSort;9300;294929;151112;0,001276
QuickSort;9300;294929;151112;0,001303
QuickSort;9300;294929;151112;0,001319
QuickSort;9400;306880;161772;0,001317
QuickSort;9400;306880;161772;0,001361
QuickSort;9400;306880;161772;0,001301
QuickSort;9400;306880;161772;0,000889
QuickSort;9400;306880;161772;0,000895
QuickSort;9400;306880;161772;0,0009
QuickSort;9400;306880;161772;0,000931
QuickSort;9400;306880;161772;0,000893
QuickSort;9400;306880;161772;0,000896
QuickSort;9400;306880;161772;0,000897
QuickSort;9500;301737;156694;0,001312
QuickSort;9500;301737;156694;0,00132
QuickSort;9500;301737;156694;0,001385
QuickSort;9500;301737;156694;0,001339
QuickSort;9500;301737;156694;0,001504
QuickSort;9500;301737;156694;0,001709
QuickSort;9500;301737;156694;0,001402
QuickSort;9500;301737;156694;0,00138
QuickSort;9500;301737;156694;0,001
QuickSort;9500;301737;156694;0,000954
QuickSort;9600;323539;153032;0,001348
QuickSort;9600;323539;153032;0,001336
QuickSort;9600;323539;153032;0,001328
QuickSort;9600;323539;153032;0,001338
QuickSort;9600;323539;153032;0,001358
QuickSort;9600;323539;153032;0,001342
QuickSort;9600;323539;153032;0,001371
QuickSort;9600;323539;153032;0,001482
QuickSort;9600;323539;153032;0,00098
QuickSort;9600;323539;153032;0,00091
QuickSort;9700;331460;167018;0,000945
QuickSort;9700;331460;167018;0,000953
QuickSort;9700;331460;167018;0,001361
QuickSort;9700;331460;167018;0,001485
QuickSort;9700;331460;167018;0,001484
QuickSort;9700;331460;167018;0,001448
QuickSort;9700;331460;167018;0,001418
QuickSort;9700;331460;167018;0,001453
QuickSort;9700;331460;167018;0,001516
QuickSort;9700;331460;167018;0,001467
QuickSort;9800;327891;165294;0,000981
QuickSort;9800;327891;165294;0,00095
QuickSort;9800;327891;165294;0,000979
QuickSort;9800;327891;165294;0,000957
QuickSort;9800;327891;165294;0,000963
QuickSort;9800;327891;165294;0,00096
QuickSort;9800;327891;165294;0,000948
QuickSort;9800;327891;165294;0,00102
QuickSort;9800;327891;165294;0,000978
QuickSort;9800;327891;165294;0,001534
QuickSort;9900;356807;176944;0,001534
QuickSort;9900;356807;176944;0,001508
QuickSort;9900;356807;176944;0,001536
QuickSort;9900;356807;176944;0,00145
QuickSort;9900;356807;176944;0,001434
QuickSort;9900;356807;176944;0,001428
QuickSort;9900;356807;176944;0,00144
QuickSort;9900;356807;176944;0,000972
QuickSort;9900;356807;176944;0,000989
QuickSort;9900;356807;176944;0,000991
QuickSort;10000;312150;160498;0,001548
QuickSort;10000;312150;160498;0,001536
QuickSort;10000;312150;160498;0,001452
QuickSort;10000;312150;160498;0,001186
QuickSort;10000;312150;160498;0,001009
QuickSort;10000;312150;160498;0,00098
QuickSort;10000;312150;160498;0,001014
QuickSort;10000;312150;160498;0,001144
QuickSort;10000;312150;160498;0,001485
QuickSort;10000;312150;160498;0,001576
